,DS_Struct,DS_NonStruct_DriftSen,DS_NonStruct_AccelSen,RepairCost_Total,RepairCost_Struct,RepairCost_NonStruct_DriftSen,RepairCost_NonStruct_AccelSen,RepairTime,RecoveryTime,FunctionLossTime
0,Moderate,Moderate,None,1315734.241961184,323162.796271168,992571.445690016,0.0,30,120,60.0
1,Slight,Moderate,None,1061820.616319552,69249.170629536,992571.445690016,0.0,5,10,0.0
2,Slight,Slight,None,276996.682518144,69249.170629536,207747.51188860805,0.0,5,10,0.0
3,Extensive,Extensive,None,6509422.039176384,1592730.9244793283,4916691.114697056,0.0,120,480,480.0
4,Moderate,Moderate,None,1315734.241961184,323162.796271168,992571.445690016,0.0,30,120,60.0
5,Moderate,Moderate,None,1315734.241961184,323162.796271168,992571.445690016,0.0,30,120,60.0
6,Moderate,Extensive,None,5239853.910968224,323162.796271168,4916691.114697056,0.0,30,120,60.0
7,Extensive,Extensive,Slight,6924917.0629536,1592730.9244793283,4916691.114697056,415495.0237772161,120,480,480.0
8,Moderate,Moderate,None,1315734.241961184,323162.796271168,992571.445690016,0.0,30,120,60.0
9,Slight,None,None,69249.170629536,69249.170629536,0.0,0.0,5,10,0.0
10,Extensive,Complete,Slight,11818525.120774146,1592730.9244793283,9810299.172517601,415495.0237772161,120,480,480.0
11,Complete,Complete,Moderate,15142485.310991874,3185461.8489586567,9810299.172517601,2146724.2895156164,240,960,960.0
12,Complete,Complete,Complete,34624585.314768,3185461.8489586567,9810299.172517601,21628824.293291748,240,960,960.0
13,None,Slight,None,207747.51188860805,0.0,207747.51188860805,0.0,0,0,0.0
14,Complete,Complete,Complete,34624585.314768,3185461.8489586567,9810299.172517601,21628824.293291748,240,960,960.0
15,Moderate,Moderate,Moderate,3462458.5314768003,323162.796271168,992571.445690016,2146724.2895156164,30,120,60.0
16,Slight,None,None,69249.170629536,69249.170629536,0.0,0.0,5,10,0.0
17,Moderate,Slight,None,530910.308159776,323162.796271168,207747.51188860805,0.0,30,120,60.0
18,Moderate,Moderate,Slight,1731229.2657384002,323162.796271168,992571.445690016,415495.0237772161,30,120,60.0
19,Moderate,Moderate,Moderate,3462458.5314768003,323162.796271168,992571.445690016,2146724.2895156164,30,120,60.0
20,Extensive,Moderate,Slight,3000797.3939465606,1592730.9244793283,992571.445690016,415495.0237772161,120,480,480.0
21,Extensive,Complete,Moderate,13549754.386512546,1592730.9244793283,9810299.172517601,2146724.2895156164,120,480,480.0
22,None,Slight,None,207747.51188860805,0.0,207747.51188860805,0.0,0,0,0.0
23,None,None,None,0.0,0.0,0.0,0.0,0,0,0.0
24,Slight,Slight,None,276996.682518144,69249.170629536,207747.51188860805,0.0,5,10,0.0
25,Moderate,Moderate,None,1315734.241961184,323162.796271168,992571.445690016,0.0,30,120,60.0
26,Extensive,Moderate,None,2585302.3701693444,1592730.9244793283,992571.445690016,0.0,120,480,480.0
27,Moderate,Extensive,Slight,5655348.934745439,323162.796271168,4916691.114697056,415495.0237772161,30,120,60.0
28,Moderate,Slight,Slight,946405.3319369921,323162.796271168,207747.51188860805,415495.0237772161,30,120,60.0
29,Moderate,Moderate,None,1315734.241961184,323162.796271168,992571.445690016,0.0,30,120,60.0
30,Slight,Moderate,None,1061820.616319552,69249.170629536,992571.445690016,0.0,5,10,0.0
31,Slight,Moderate,Slight,1477315.6400967683,69249.170629536,992571.445690016,415495.0237772161,5,10,0.0
32,Moderate,Moderate,Slight,1731229.2657384002,323162.796271168,992571.445690016,415495.0237772161,30,120,60.0
33,Moderate,Extensive,None,5239853.910968224,323162.796271168,4916691.114697056,0.0,30,120,60.0
34,Moderate,Extensive,None,5239853.910968224,323162.796271168,4916691.114697056,0.0,30,120,60.0
35,Moderate,Extensive,None,5239853.910968224,323162.796271168,4916691.114697056,0.0,30,120,60.0
36,Extensive,Moderate,Slight,3000797.3939465606,1592730.9244793283,992571.445690016,415495.0237772161,120,480,480.0
37,Moderate,Extensive,None,5239853.910968224,323162.796271168,4916691.114697056,0.0,30,120,60.0
38,Moderate,Complete,Slight,10548956.992565986,323162.796271168,9810299.172517601,415495.0237772161,30,120,60.0
39,Extensive,Extensive,Slight,6924917.0629536,1592730.9244793283,4916691.114697056,415495.0237772161,120,480,480.0
40,Slight,Slight,None,276996.682518144,69249.170629536,207747.51188860805,0.0,5,10,0.0
41,Moderate,Moderate,None,1315734.241961184,323162.796271168,992571.445690016,0.0,30,120,60.0
42,Slight,None,None,69249.170629536,69249.170629536,0.0,0.0,5,10,0.0
43,None,None,None,0.0,0.0,0.0,0.0,0,0,0.0
44,Slight,Slight,None,276996.682518144,69249.170629536,207747.51188860805,0.0,5,10,0.0
45,Moderate,Moderate,None,1315734.241961184,323162.796271168,992571.445690016,0.0,30,120,60.0
46,Slight,Slight,None,276996.682518144,69249.170629536,207747.51188860805,0.0,5,10,0.0
47,Extensive,Extensive,Moderate,8656146.328692,1592730.9244793283,4916691.114697056,2146724.2895156164,120,480,480.0
48,Moderate,Moderate,Slight,1731229.2657384002,323162.796271168,992571.445690016,415495.0237772161,30,120,60.0
49,Complete,Complete,Complete,34624585.314768,3185461.8489586567,9810299.172517601,21628824.293291748,240,960,960.0
50,None,None,None,0.0,0.0,0.0,0.0,0,0,0.0
51,Moderate,Extensive,Moderate,7386578.20048384,323162.796271168,4916691.114697056,2146724.2895156164,30,120,60.0
52,Moderate,Moderate,None,1315734.241961184,323162.796271168,992571.445690016,0.0,30,120,60.0
53,Complete,Complete,Complete,34624585.314768,3185461.8489586567,9810299.172517601,21628824.293291748,240,960,960.0
54,None,None,None,0.0,0.0,0.0,0.0,0,0,0.0
55,Moderate,Moderate,None,1315734.241961184,323162.796271168,992571.445690016,0.0,30,120,60.0
56,Slight,Moderate,None,1061820.616319552,69249.170629536,992571.445690016,0.0,5,10,0.0
57,Moderate,Moderate,Slight,1731229.2657384002,323162.796271168,992571.445690016,415495.0237772161,30,120,60.0
58,Slight,Moderate,None,1061820.616319552,69249.170629536,992571.445690016,0.0,5,10,0.0
59,Extensive,Moderate,Moderate,4732026.659684961,1592730.9244793283,992571.445690016,2146724.2895156164,120,480,480.0
60,Moderate,Extensive,Slight,5655348.934745439,323162.796271168,4916691.114697056,415495.0237772161,30,120,60.0
61,Slight,Moderate,None,1061820.616319552,69249.170629536,992571.445690016,0.0,5,10,0.0
62,Moderate,Moderate,None,1315734.241961184,323162.796271168,992571.445690016,0.0,30,120,60.0
63,Moderate,Extensive,None,5239853.910968224,323162.796271168,4916691.114697056,0.0,30,120,60.0
64,Moderate,Moderate,Slight,1731229.2657384002,323162.796271168,992571.445690016,415495.0237772161,30,120,60.0
65,Slight,None,None,69249.170629536,69249.170629536,0.0,0.0,5,10,0.0
66,Slight,Moderate,None,1061820.616319552,69249.170629536,992571.445690016,0.0,5,10,0.0
67,Extensive,Extensive,None,6509422.039176384,1592730.9244793283,4916691.114697056,0.0,120,480,480.0
68,Moderate,Complete,None,10133461.96878877,323162.796271168,9810299.172517601,0.0,30,120,60.0
69,Moderate,Moderate,Moderate,3462458.5314768003,323162.796271168,992571.445690016,2146724.2895156164,30,120,60.0
70,Slight,Moderate,None,1061820.616319552,69249.170629536,992571.445690016,0.0,5,10,0.0
71,Moderate,Slight,Slight,946405.3319369921,323162.796271168,207747.51188860805,415495.0237772161,30,120,60.0
72,Complete,Complete,Complete,34624585.314768,3185461.8489586567,9810299.172517601,21628824.293291748,240,960,960.0
73,Moderate,Slight,None,530910.308159776,323162.796271168,207747.51188860805,0.0,30,120,60.0
74,Extensive,Moderate,None,2585302.3701693444,1592730.9244793283,992571.445690016,0.0,120,480,480.0
75,Moderate,Slight,None,530910.308159776,323162.796271168,207747.51188860805,0.0,30,120,60.0
76,Extensive,Moderate,Slight,3000797.3939465606,1592730.9244793283,992571.445690016,415495.0237772161,120,480,480.0
77,Moderate,Moderate,None,1315734.241961184,323162.796271168,992571.445690016,0.0,30,120,60.0
78,Moderate,Moderate,Moderate,3462458.5314768003,323162.796271168,992571.445690016,2146724.2895156164,30,120,60.0
79,Slight,Moderate,None,1061820.616319552,69249.170629536,992571.445690016,0.0,5,10,0.0
80,None,Slight,None,207747.51188860805,0.0,207747.51188860805,0.0,0,0,0.0
81,Slight,Moderate,None,1061820.616319552,69249.170629536,992571.445690016,0.0,5,10,0.0
82,Slight,Slight,None,276996.682518144,69249.170629536,207747.51188860805,0.0,5,10,0.0
83,Slight,Slight,None,276996.682518144,69249.170629536,207747.51188860805,0.0,5,10,0.0
84,Moderate,Moderate,None,1315734.241961184,323162.796271168,992571.445690016,0.0,30,120,60.0
85,Slight,Moderate,Slight,1477315.6400967683,69249.170629536,992571.445690016,415495.0237772161,5,10,0.0
86,Slight,None,None,69249.170629536,69249.170629536,0.0,0.0,5,10,0.0
87,Slight,Moderate,None,1061820.616319552,69249.170629536,992571.445690016,0.0,5,10,0.0
88,Slight,None,None,69249.170629536,69249.170629536,0.0,0.0,5,10,0.0
89,None,None,None,0.0,0.0,0.0,0.0,0,0,0.0
90,None,None,None,0.0,0.0,0.0,0.0,0,0,0.0
91,Moderate,Extensive,None,5239853.910968224,323162.796271168,4916691.114697056,0.0,30,120,60.0
92,Slight,Slight,None,276996.682518144,69249.170629536,207747.51188860805,0.0,5,10,0.0
93,Slight,Slight,None,276996.682518144,69249.170629536,207747.51188860805,0.0,5,10,0.0
94,Moderate,Moderate,None,1315734.241961184,323162.796271168,992571.445690016,0.0,30,120,60.0
95,Slight,Moderate,Slight,1477315.6400967683,69249.170629536,992571.445690016,415495.0237772161,5,10,0.0
96,Complete,Complete,Complete,34624585.314768,3185461.8489586567,9810299.172517601,21628824.293291748,240,960,960.0
97,Moderate,Moderate,Slight,1731229.2657384002,323162.796271168,992571.445690016,415495.0237772161,30,120,60.0
98,Moderate,Slight,None,530910.308159776,323162.796271168,207747.51188860805,0.0,30,120,60.0
99,Slight,Moderate,None,1061820.616319552,69249.170629536,992571.445690016,0.0,5,10,0.0
100,Slight,Moderate,None,1061820.616319552,69249.170629536,992571.445690016,0.0,5,10,0.0
101,Moderate,Moderate,Extensive,10110378.911912259,323162.796271168,992571.445690016,8794644.669951074,30,120,60.0
102,Moderate,Moderate,None,1315734.241961184,323162.796271168,992571.445690016,0.0,30,120,60.0
103,Moderate,None,None,323162.796271168,323162.796271168,0.0,0.0,30,120,60.0
104,Moderate,Slight,None,530910.308159776,323162.796271168,207747.51188860805,0.0,30,120,60.0
105,Extensive,Complete,Slight,11818525.120774146,1592730.9244793283,9810299.172517601,415495.0237772161,120,480,480.0
106,Moderate,Moderate,Slight,1731229.2657384002,323162.796271168,992571.445690016,415495.0237772161,30,120,60.0
107,Moderate,Moderate,Slight,1731229.2657384002,323162.796271168,992571.445690016,415495.0237772161,30,120,60.0
108,Moderate,Moderate,Moderate,3462458.5314768003,323162.796271168,992571.445690016,2146724.2895156164,30,120,60.0
109,Complete,Complete,Complete,34624585.314768,3185461.8489586567,9810299.172517601,21628824.293291748,240,960,960.0
110,Moderate,Moderate,Moderate,3462458.5314768003,323162.796271168,992571.445690016,2146724.2895156164,30,120,60.0
111,Moderate,Extensive,None,5239853.910968224,323162.796271168,4916691.114697056,0.0,30,120,60.0
112,Slight,None,Slight,484744.1944067521,69249.170629536,0.0,415495.0237772161,5,10,0.0
113,Slight,None,None,69249.170629536,69249.170629536,0.0,0.0,5,10,0.0
114,Moderate,Moderate,Slight,1731229.2657384002,323162.796271168,992571.445690016,415495.0237772161,30,120,60.0
115,Slight,Moderate,None,1061820.616319552,69249.170629536,992571.445690016,0.0,5,10,0.0
116,Moderate,Extensive,None,5239853.910968224,323162.796271168,4916691.114697056,0.0,30,120,60.0
117,Extensive,Extensive,Slight,6924917.0629536,1592730.9244793283,4916691.114697056,415495.0237772161,120,480,480.0
118,Extensive,Extensive,None,6509422.039176384,1592730.9244793283,4916691.114697056,0.0,120,480,480.0
119,Moderate,Slight,Slight,946405.3319369921,323162.796271168,207747.51188860805,415495.0237772161,30,120,60.0
120,Moderate,Moderate,None,1315734.241961184,323162.796271168,992571.445690016,0.0,30,120,60.0
121,None,None,None,0.0,0.0,0.0,0.0,0,0,0.0
122,Extensive,Extensive,None,6509422.039176384,1592730.9244793283,4916691.114697056,0.0,120,480,480.0
123,Moderate,Extensive,None,5239853.910968224,323162.796271168,4916691.114697056,0.0,30,120,60.0
124,Moderate,Moderate,None,1315734.241961184,323162.796271168,992571.445690016,0.0,30,120,60.0
125,None,None,None,0.0,0.0,0.0,0.0,0,0,0.0
126,Moderate,Complete,Slight,10548956.992565986,323162.796271168,9810299.172517601,415495.0237772161,30,120,60.0
127,Moderate,Slight,None,530910.308159776,323162.796271168,207747.51188860805,0.0,30,120,60.0
128,Slight,Moderate,None,1061820.616319552,69249.170629536,992571.445690016,0.0,5,10,0.0
129,Moderate,Slight,None,530910.308159776,323162.796271168,207747.51188860805,0.0,30,120,60.0
130,Slight,Moderate,None,1061820.616319552,69249.170629536,992571.445690016,0.0,5,10,0.0
131,Extensive,Complete,Moderate,13549754.386512546,1592730.9244793283,9810299.172517601,2146724.2895156164,120,480,480.0
132,Moderate,Complete,Slight,10548956.992565986,323162.796271168,9810299.172517601,415495.0237772161,30,120,60.0
133,Moderate,Moderate,None,1315734.241961184,323162.796271168,992571.445690016,0.0,30,120,60.0
134,Moderate,Moderate,None,1315734.241961184,323162.796271168,992571.445690016,0.0,30,120,60.0
135,Extensive,Extensive,Slight,6924917.0629536,1592730.9244793283,4916691.114697056,415495.0237772161,120,480,480.0
136,Slight,Moderate,None,1061820.616319552,69249.170629536,992571.445690016,0.0,5,10,0.0
137,Moderate,Moderate,None,1315734.241961184,323162.796271168,992571.445690016,0.0,30,120,60.0
138,Moderate,Moderate,None,1315734.241961184,323162.796271168,992571.445690016,0.0,30,120,60.0
139,Extensive,Moderate,None,2585302.3701693444,1592730.9244793283,992571.445690016,0.0,120,480,480.0
140,Slight,Slight,None,276996.682518144,69249.170629536,207747.51188860805,0.0,5,10,0.0
141,Moderate,Slight,Slight,946405.3319369921,323162.796271168,207747.51188860805,415495.0237772161,30,120,60.0
142,None,None,None,0.0,0.0,0.0,0.0,0,0,0.0
143,None,None,None,0.0,0.0,0.0,0.0,0,0,0.0
144,Slight,None,None,69249.170629536,69249.170629536,0.0,0.0,5,10,0.0
145,Slight,Moderate,None,1061820.616319552,69249.170629536,992571.445690016,0.0,5,10,0.0
146,Slight,Moderate,None,1061820.616319552,69249.170629536,992571.445690016,0.0,5,10,0.0
147,Slight,Moderate,None,1061820.616319552,69249.170629536,992571.445690016,0.0,5,10,0.0
148,None,None,None,0.0,0.0,0.0,0.0,0,0,0.0
149,Moderate,Moderate,None,1315734.241961184,323162.796271168,992571.445690016,0.0,30,120,60.0
150,Slight,None,None,69249.170629536,69249.170629536,0.0,0.0,5,10,0.0
151,Moderate,Moderate,Slight,1731229.2657384002,323162.796271168,992571.445690016,415495.0237772161,30,120,60.0
152,Slight,Slight,None,276996.682518144,69249.170629536,207747.51188860805,0.0,5,10,0.0
153,Slight,Slight,None,276996.682518144,69249.170629536,207747.51188860805,0.0,5,10,0.0
154,Moderate,Moderate,None,1315734.241961184,323162.796271168,992571.445690016,0.0,30,120,60.0
155,Slight,Moderate,None,1061820.616319552,69249.170629536,992571.445690016,0.0,5,10,0.0
156,Slight,Slight,None,276996.682518144,69249.170629536,207747.51188860805,0.0,5,10,0.0
157,Moderate,Moderate,None,1315734.241961184,323162.796271168,992571.445690016,0.0,30,120,60.0
158,Slight,None,None,69249.170629536,69249.170629536,0.0,0.0,5,10,0.0
159,Extensive,Moderate,Slight,3000797.3939465606,1592730.9244793283,992571.445690016,415495.0237772161,120,480,480.0
160,Extensive,Complete,Moderate,13549754.386512546,1592730.9244793283,9810299.172517601,2146724.2895156164,120,480,480.0
161,None,None,None,0.0,0.0,0.0,0.0,0,0,0.0
162,Moderate,Moderate,None,1315734.241961184,323162.796271168,992571.445690016,0.0,30,120,60.0
163,Moderate,Moderate,Slight,1731229.2657384002,323162.796271168,992571.445690016,415495.0237772161,30,120,60.0
164,Moderate,Moderate,Moderate,3462458.5314768003,323162.796271168,992571.445690016,2146724.2895156164,30,120,60.0
165,Moderate,Extensive,None,5239853.910968224,323162.796271168,4916691.114697056,0.0,30,120,60.0
166,Moderate,Extensive,None,5239853.910968224,323162.796271168,4916691.114697056,0.0,30,120,60.0
167,Slight,Slight,Slight,692491.7062953601,69249.170629536,207747.51188860805,415495.0237772161,5,10,0.0
168,Moderate,Extensive,None,5239853.910968224,323162.796271168,4916691.114697056,0.0,30,120,60.0
169,Moderate,Extensive,None,5239853.910968224,323162.796271168,4916691.114697056,0.0,30,120,60.0
170,Slight,Slight,None,276996.682518144,69249.170629536,207747.51188860805,0.0,5,10,0.0
171,Slight,None,None,69249.170629536,69249.170629536,0.0,0.0,5,10,0.0
172,Moderate,Complete,None,10133461.96878877,323162.796271168,9810299.172517601,0.0,30,120,60.0
173,Moderate,Moderate,Slight,1731229.2657384002,323162.796271168,992571.445690016,415495.0237772161,30,120,60.0
174,Extensive,Moderate,None,2585302.3701693444,1592730.9244793283,992571.445690016,0.0,120,480,480.0
175,Moderate,Moderate,None,1315734.241961184,323162.796271168,992571.445690016,0.0,30,120,60.0
176,Moderate,Extensive,Slight,5655348.934745439,323162.796271168,4916691.114697056,415495.0237772161,30,120,60.0
177,Slight,Moderate,None,1061820.616319552,69249.170629536,992571.445690016,0.0,5,10,0.0
178,Complete,Complete,Complete,34624585.314768,3185461.8489586567,9810299.172517601,21628824.293291748,240,960,960.0
179,Moderate,Complete,Moderate,12280186.258304385,323162.796271168,9810299.172517601,2146724.2895156164,30,120,60.0
180,Moderate,Moderate,Slight,1731229.2657384002,323162.796271168,992571.445690016,415495.0237772161,30,120,60.0
181,Moderate,Moderate,None,1315734.241961184,323162.796271168,992571.445690016,0.0,30,120,60.0
182,Moderate,Slight,None,530910.308159776,323162.796271168,207747.51188860805,0.0,30,120,60.0
183,Moderate,Slight,None,530910.308159776,323162.796271168,207747.51188860805,0.0,30,120,60.0
184,Moderate,Moderate,None,1315734.241961184,323162.796271168,992571.445690016,0.0,30,120,60.0
185,Moderate,Moderate,Extensive,10110378.911912259,323162.796271168,992571.445690016,8794644.669951074,30,120,60.0
186,Slight,Moderate,Slight,1477315.6400967683,69249.170629536,992571.445690016,415495.0237772161,5,10,0.0
187,Moderate,Moderate,None,1315734.241961184,323162.796271168,992571.445690016,0.0,30,120,60.0
188,Moderate,Moderate,None,1315734.241961184,323162.796271168,992571.445690016,0.0,30,120,60.0
189,None,Slight,None,207747.51188860805,0.0,207747.51188860805,0.0,0,0,0.0
190,Moderate,Slight,None,530910.308159776,323162.796271168,207747.51188860805,0.0,30,120,60.0
191,Moderate,Slight,None,530910.308159776,323162.796271168,207747.51188860805,0.0,30,120,60.0
192,Slight,Slight,None,276996.682518144,69249.170629536,207747.51188860805,0.0,5,10,0.0
193,Extensive,Moderate,Slight,3000797.3939465606,1592730.9244793283,992571.445690016,415495.0237772161,120,480,480.0
194,Extensive,Extensive,None,6509422.039176384,1592730.9244793283,4916691.114697056,0.0,120,480,480.0
195,Moderate,Slight,None,530910.308159776,323162.796271168,207747.51188860805,0.0,30,120,60.0
196,None,Slight,None,207747.51188860805,0.0,207747.51188860805,0.0,0,0,0.0
197,None,None,None,0.0,0.0,0.0,0.0,0,0,0.0
198,Slight,Moderate,None,1061820.616319552,69249.170629536,992571.445690016,0.0,5,10,0.0
199,Slight,Moderate,None,1061820.616319552,69249.170629536,992571.445690016,0.0,5,10,0.0
200,Complete,Complete,Complete,34624585.314768,3185461.8489586567,9810299.172517601,21628824.293291748,240,960,960.0
201,None,None,None,0.0,0.0,0.0,0.0,0,0,0.0
202,Slight,Slight,None,276996.682518144,69249.170629536,207747.51188860805,0.0,5,10,0.0
203,Slight,Moderate,None,1061820.616319552,69249.170629536,992571.445690016,0.0,5,10,0.0
204,Complete,Complete,Slight,13411256.045253474,3185461.8489586567,9810299.172517601,415495.0237772161,240,960,960.0
205,Extensive,Moderate,Slight,3000797.3939465606,1592730.9244793283,992571.445690016,415495.0237772161,120,480,480.0
206,None,None,None,0.0,0.0,0.0,0.0,0,0,0.0
207,Moderate,Moderate,None,1315734.241961184,323162.796271168,992571.445690016,0.0,30,120,60.0
208,Moderate,None,None,323162.796271168,323162.796271168,0.0,0.0,30,120,60.0
209,Moderate,Moderate,None,1315734.241961184,323162.796271168,992571.445690016,0.0,30,120,60.0
210,Complete,Complete,Complete,34624585.314768,3185461.8489586567,9810299.172517601,21628824.293291748,240,960,960.0
211,Moderate,Extensive,Slight,5655348.934745439,323162.796271168,4916691.114697056,415495.0237772161,30,120,60.0
212,Moderate,Moderate,None,1315734.241961184,323162.796271168,992571.445690016,0.0,30,120,60.0
213,Slight,Moderate,Slight,1477315.6400967683,69249.170629536,992571.445690016,415495.0237772161,5,10,0.0
214,Extensive,Complete,Slight,11818525.120774146,1592730.9244793283,9810299.172517601,415495.0237772161,120,480,480.0
215,Complete,Complete,Complete,34624585.314768,3185461.8489586567,9810299.172517601,21628824.293291748,240,960,960.0
216,Slight,Moderate,Slight,1477315.6400967683,69249.170629536,992571.445690016,415495.0237772161,5,10,0.0
217,Slight,None,None,69249.170629536,69249.170629536,0.0,0.0,5,10,0.0
218,Moderate,Moderate,Slight,1731229.2657384002,323162.796271168,992571.445690016,415495.0237772161,30,120,60.0
219,Moderate,Moderate,Slight,1731229.2657384002,323162.796271168,992571.445690016,415495.0237772161,30,120,60.0
220,Slight,Slight,None,276996.682518144,69249.170629536,207747.51188860805,0.0,5,10,0.0
221,Extensive,Complete,Moderate,13549754.386512546,1592730.9244793283,9810299.172517601,2146724.2895156164,120,480,480.0
222,Complete,Complete,Complete,34624585.314768,3185461.8489586567,9810299.172517601,21628824.293291748,240,960,960.0
223,None,None,None,0.0,0.0,0.0,0.0,0,0,0.0
224,Slight,Moderate,None,1061820.616319552,69249.170629536,992571.445690016,0.0,5,10,0.0
225,Slight,Moderate,None,1061820.616319552,69249.170629536,992571.445690016,0.0,5,10,0.0
226,Complete,Complete,Extensive,21790405.69142733,3185461.8489586567,9810299.172517601,8794644.669951074,240,960,960.0
227,Slight,Moderate,None,1061820.616319552,69249.170629536,992571.445690016,0.0,5,10,0.0
228,Extensive,Complete,Slight,11818525.120774146,1592730.9244793283,9810299.172517601,415495.0237772161,120,480,480.0
229,Slight,Moderate,Slight,1477315.6400967683,69249.170629536,992571.445690016,415495.0237772161,5,10,0.0
230,Moderate,Moderate,None,1315734.241961184,323162.796271168,992571.445690016,0.0,30,120,60.0
231,Moderate,Slight,None,530910.308159776,323162.796271168,207747.51188860805,0.0,30,120,60.0
232,Slight,Moderate,None,1061820.616319552,69249.170629536,992571.445690016,0.0,5,10,0.0
233,Slight,None,None,69249.170629536,69249.170629536,0.0,0.0,5,10,0.0
234,Moderate,Moderate,Slight,1731229.2657384002,323162.796271168,992571.445690016,415495.0237772161,30,120,60.0
235,Moderate,Extensive,Slight,5655348.934745439,323162.796271168,4916691.114697056,415495.0237772161,30,120,60.0
236,Moderate,Moderate,None,1315734.241961184,323162.796271168,992571.445690016,0.0,30,120,60.0
237,Slight,Moderate,None,1061820.616319552,69249.170629536,992571.445690016,0.0,5,10,0.0
238,Moderate,Moderate,None,1315734.241961184,323162.796271168,992571.445690016,0.0,30,120,60.0
239,Moderate,Moderate,Slight,1731229.2657384002,323162.796271168,992571.445690016,415495.0237772161,30,120,60.0
240,Moderate,Moderate,None,1315734.241961184,323162.796271168,992571.445690016,0.0,30,120,60.0
241,Extensive,Moderate,None,2585302.3701693444,1592730.9244793283,992571.445690016,0.0,120,480,480.0
242,None,Slight,None,207747.51188860805,0.0,207747.51188860805,0.0,0,0,0.0
243,Slight,Moderate,None,1061820.616319552,69249.170629536,992571.445690016,0.0,5,10,0.0
244,Complete,Complete,Complete,34624585.314768,3185461.8489586567,9810299.172517601,21628824.293291748,240,960,960.0
245,Moderate,Slight,None,530910.308159776,323162.796271168,207747.51188860805,0.0,30,120,60.0
246,Moderate,Moderate,Slight,1731229.2657384002,323162.796271168,992571.445690016,415495.0237772161,30,120,60.0
247,Slight,Slight,None,276996.682518144,69249.170629536,207747.51188860805,0.0,5,10,0.0
248,Moderate,Moderate,None,1315734.241961184,323162.796271168,992571.445690016,0.0,30,120,60.0
249,Moderate,Extensive,None,5239853.910968224,323162.796271168,4916691.114697056,0.0,30,120,60.0
250,None,Slight,None,207747.51188860805,0.0,207747.51188860805,0.0,0,0,0.0
251,Moderate,Moderate,Moderate,3462458.5314768003,323162.796271168,992571.445690016,2146724.2895156164,30,120,60.0
252,Slight,Moderate,None,1061820.616319552,69249.170629536,992571.445690016,0.0,5,10,0.0
253,Complete,Complete,Complete,34624585.314768,3185461.8489586567,9810299.172517601,21628824.293291748,240,960,960.0
254,Moderate,Slight,None,530910.308159776,323162.796271168,207747.51188860805,0.0,30,120,60.0
255,None,None,None,0.0,0.0,0.0,0.0,0,0,0.0
256,Moderate,Slight,None,530910.308159776,323162.796271168,207747.51188860805,0.0,30,120,60.0
257,Moderate,Slight,None,530910.308159776,323162.796271168,207747.51188860805,0.0,30,120,60.0
258,Moderate,Moderate,None,1315734.241961184,323162.796271168,992571.445690016,0.0,30,120,60.0
259,Extensive,Extensive,None,6509422.039176384,1592730.9244793283,4916691.114697056,0.0,120,480,480.0
260,Moderate,Slight,Slight,946405.3319369921,323162.796271168,207747.51188860805,415495.0237772161,30,120,60.0
261,Slight,Moderate,None,1061820.616319552,69249.170629536,992571.445690016,0.0,5,10,0.0
262,Moderate,Moderate,Moderate,3462458.5314768003,323162.796271168,992571.445690016,2146724.2895156164,30,120,60.0
263,Complete,Complete,Complete,34624585.314768,3185461.8489586567,9810299.172517601,21628824.293291748,240,960,960.0
264,Extensive,Complete,Slight,11818525.120774146,1592730.9244793283,9810299.172517601,415495.0237772161,120,480,480.0
265,Moderate,Extensive,None,5239853.910968224,323162.796271168,4916691.114697056,0.0,30,120,60.0
266,Slight,None,None,69249.170629536,69249.170629536,0.0,0.0,5,10,0.0
267,Slight,Slight,None,276996.682518144,69249.170629536,207747.51188860805,0.0,5,10,0.0
268,Slight,Slight,None,276996.682518144,69249.170629536,207747.51188860805,0.0,5,10,0.0
269,Moderate,Moderate,None,1315734.241961184,323162.796271168,992571.445690016,0.0,30,120,60.0
270,Slight,None,None,69249.170629536,69249.170629536,0.0,0.0,5,10,0.0
271,Moderate,Extensive,Slight,5655348.934745439,323162.796271168,4916691.114697056,415495.0237772161,30,120,60.0
272,Moderate,Moderate,None,1315734.241961184,323162.796271168,992571.445690016,0.0,30,120,60.0
273,Moderate,Extensive,None,5239853.910968224,323162.796271168,4916691.114697056,0.0,30,120,60.0
274,Moderate,Moderate,None,1315734.241961184,323162.796271168,992571.445690016,0.0,30,120,60.0
275,Moderate,Slight,None,530910.308159776,323162.796271168,207747.51188860805,0.0,30,120,60.0
276,Moderate,Moderate,None,1315734.241961184,323162.796271168,992571.445690016,0.0,30,120,60.0
277,Moderate,Moderate,None,1315734.241961184,323162.796271168,992571.445690016,0.0,30,120,60.0
278,Slight,Extensive,None,4985940.285326592,69249.170629536,4916691.114697056,0.0,5,10,0.0
279,Extensive,Extensive,None,6509422.039176384,1592730.9244793283,4916691.114697056,0.0,120,480,480.0
280,Slight,None,None,69249.170629536,69249.170629536,0.0,0.0,5,10,0.0
281,Slight,Moderate,None,1061820.616319552,69249.170629536,992571.445690016,0.0,5,10,0.0
282,None,Slight,None,207747.51188860805,0.0,207747.51188860805,0.0,0,0,0.0
283,Complete,Complete,Complete,34624585.314768,3185461.8489586567,9810299.172517601,21628824.293291748,240,960,960.0
284,Slight,Extensive,Moderate,7132664.574842208,69249.170629536,4916691.114697056,2146724.2895156164,5,10,0.0
285,Moderate,Complete,Slight,10548956.992565986,323162.796271168,9810299.172517601,415495.0237772161,30,120,60.0
286,Moderate,Moderate,None,1315734.241961184,323162.796271168,992571.445690016,0.0,30,120,60.0
287,Extensive,Extensive,None,6509422.039176384,1592730.9244793283,4916691.114697056,0.0,120,480,480.0
288,Slight,Slight,Slight,692491.7062953601,69249.170629536,207747.51188860805,415495.0237772161,5,10,0.0
289,Slight,Moderate,None,1061820.616319552,69249.170629536,992571.445690016,0.0,5,10,0.0
290,Moderate,Extensive,None,5239853.910968224,323162.796271168,4916691.114697056,0.0,30,120,60.0
291,Slight,Slight,None,276996.682518144,69249.170629536,207747.51188860805,0.0,5,10,0.0
292,Slight,Moderate,None,1061820.616319552,69249.170629536,992571.445690016,0.0,5,10,0.0
293,Extensive,Extensive,None,6509422.039176384,1592730.9244793283,4916691.114697056,0.0,120,480,480.0
294,Slight,Moderate,None,1061820.616319552,69249.170629536,992571.445690016,0.0,5,10,0.0
295,Slight,None,None,69249.170629536,69249.170629536,0.0,0.0,5,10,0.0
296,Moderate,Slight,None,530910.308159776,323162.796271168,207747.51188860805,0.0,30,120,60.0
297,Moderate,Moderate,Moderate,3462458.5314768003,323162.796271168,992571.445690016,2146724.2895156164,30,120,60.0
298,Slight,Slight,None,276996.682518144,69249.170629536,207747.51188860805,0.0,5,10,0.0
299,Moderate,Moderate,None,1315734.241961184,323162.796271168,992571.445690016,0.0,30,120,60.0
300,Moderate,Slight,Moderate,2677634.5976753924,323162.796271168,207747.51188860805,2146724.2895156164,30,120,60.0
301,Slight,None,None,69249.170629536,69249.170629536,0.0,0.0,5,10,0.0
302,Slight,Moderate,None,1061820.616319552,69249.170629536,992571.445690016,0.0,5,10,0.0
303,None,Slight,None,207747.51188860805,0.0,207747.51188860805,0.0,0,0,0.0
304,Slight,Moderate,None,1061820.616319552,69249.170629536,992571.445690016,0.0,5,10,0.0
305,Moderate,Moderate,None,1315734.241961184,323162.796271168,992571.445690016,0.0,30,120,60.0
306,Moderate,Moderate,None,1315734.241961184,323162.796271168,992571.445690016,0.0,30,120,60.0
307,Slight,Slight,None,276996.682518144,69249.170629536,207747.51188860805,0.0,5,10,0.0
308,Slight,None,None,69249.170629536,69249.170629536,0.0,0.0,5,10,0.0
309,Moderate,Moderate,Moderate,3462458.5314768003,323162.796271168,992571.445690016,2146724.2895156164,30,120,60.0
310,Moderate,Slight,Slight,946405.3319369921,323162.796271168,207747.51188860805,415495.0237772161,30,120,60.0
311,Slight,None,None,69249.170629536,69249.170629536,0.0,0.0,5,10,0.0
312,Slight,Slight,Slight,692491.7062953601,69249.170629536,207747.51188860805,415495.0237772161,5,10,0.0
313,Moderate,Moderate,None,1315734.241961184,323162.796271168,992571.445690016,0.0,30,120,60.0
314,Extensive,Extensive,None,6509422.039176384,1592730.9244793283,4916691.114697056,0.0,120,480,480.0
315,Moderate,Moderate,Moderate,3462458.5314768003,323162.796271168,992571.445690016,2146724.2895156164,30,120,60.0
316,None,Slight,None,207747.51188860805,0.0,207747.51188860805,0.0,0,0,0.0
317,Complete,Complete,Complete,34624585.314768,3185461.8489586567,9810299.172517601,21628824.293291748,240,960,960.0
318,Moderate,Extensive,Moderate,7386578.20048384,323162.796271168,4916691.114697056,2146724.2895156164,30,120,60.0
319,Moderate,Extensive,None,5239853.910968224,323162.796271168,4916691.114697056,0.0,30,120,60.0
320,Slight,Moderate,None,1061820.616319552,69249.170629536,992571.445690016,0.0,5,10,0.0
321,Slight,Moderate,None,1061820.616319552,69249.170629536,992571.445690016,0.0,5,10,0.0
322,Moderate,Moderate,None,1315734.241961184,323162.796271168,992571.445690016,0.0,30,120,60.0
323,Extensive,Moderate,None,2585302.3701693444,1592730.9244793283,992571.445690016,0.0,120,480,480.0
324,Moderate,Slight,None,530910.308159776,323162.796271168,207747.51188860805,0.0,30,120,60.0
325,Slight,Slight,None,276996.682518144,69249.170629536,207747.51188860805,0.0,5,10,0.0
326,Extensive,Moderate,Slight,3000797.3939465606,1592730.9244793283,992571.445690016,415495.0237772161,120,480,480.0
327,Moderate,Moderate,None,1315734.241961184,323162.796271168,992571.445690016,0.0,30,120,60.0
328,Complete,Complete,Extensive,21790405.69142733,3185461.8489586567,9810299.172517601,8794644.669951074,240,960,960.0
329,Moderate,Moderate,None,1315734.241961184,323162.796271168,992571.445690016,0.0,30,120,60.0
330,Slight,None,None,69249.170629536,69249.170629536,0.0,0.0,5,10,0.0
331,Complete,Complete,Complete,34624585.314768,3185461.8489586567,9810299.172517601,21628824.293291748,240,960,960.0
332,Moderate,Moderate,Slight,1731229.2657384002,323162.796271168,992571.445690016,415495.0237772161,30,120,60.0
333,Moderate,Moderate,None,1315734.241961184,323162.796271168,992571.445690016,0.0,30,120,60.0
334,Slight,None,None,69249.170629536,69249.170629536,0.0,0.0,5,10,0.0
335,None,Moderate,None,992571.445690016,0.0,992571.445690016,0.0,0,0,0.0
336,None,None,None,0.0,0.0,0.0,0.0,0,0,0.0
337,Moderate,Slight,Slight,946405.3319369921,323162.796271168,207747.51188860805,415495.0237772161,30,120,60.0
338,Slight,Moderate,None,1061820.616319552,69249.170629536,992571.445690016,0.0,5,10,0.0
339,Moderate,Moderate,None,1315734.241961184,323162.796271168,992571.445690016,0.0,30,120,60.0
340,Slight,Slight,None,276996.682518144,69249.170629536,207747.51188860805,0.0,5,10,0.0
341,Complete,Complete,Complete,34624585.314768,3185461.8489586567,9810299.172517601,21628824.293291748,240,960,960.0
342,Extensive,Extensive,Slight,6924917.0629536,1592730.9244793283,4916691.114697056,415495.0237772161,120,480,480.0
343,Moderate,Moderate,None,1315734.241961184,323162.796271168,992571.445690016,0.0,30,120,60.0
344,Moderate,Moderate,None,1315734.241961184,323162.796271168,992571.445690016,0.0,30,120,60.0
345,Slight,None,None,69249.170629536,69249.170629536,0.0,0.0,5,10,0.0
346,Moderate,Moderate,None,1315734.241961184,323162.796271168,992571.445690016,0.0,30,120,60.0
347,None,None,None,0.0,0.0,0.0,0.0,0,0,0.0
348,Slight,Extensive,None,4985940.285326592,69249.170629536,4916691.114697056,0.0,5,10,0.0
349,Slight,None,None,69249.170629536,69249.170629536,0.0,0.0,5,10,0.0
350,Slight,None,None,69249.170629536,69249.170629536,0.0,0.0,5,10,0.0
351,Moderate,Slight,None,530910.308159776,323162.796271168,207747.51188860805,0.0,30,120,60.0
352,Moderate,Moderate,Moderate,3462458.5314768003,323162.796271168,992571.445690016,2146724.2895156164,30,120,60.0
353,Moderate,Slight,None,530910.308159776,323162.796271168,207747.51188860805,0.0,30,120,60.0
354,None,Slight,None,207747.51188860805,0.0,207747.51188860805,0.0,0,0,0.0
355,Extensive,Complete,None,11403030.09699693,1592730.9244793283,9810299.172517601,0.0,120,480,480.0
356,Moderate,Moderate,None,1315734.241961184,323162.796271168,992571.445690016,0.0,30,120,60.0
357,Moderate,Slight,Moderate,2677634.5976753924,323162.796271168,207747.51188860805,2146724.2895156164,30,120,60.0
358,Extensive,Moderate,None,2585302.3701693444,1592730.9244793283,992571.445690016,0.0,120,480,480.0
359,Slight,Moderate,None,1061820.616319552,69249.170629536,992571.445690016,0.0,5,10,0.0
360,Slight,Moderate,Moderate,3208544.9058351684,69249.170629536,992571.445690016,2146724.2895156164,5,10,0.0
361,Moderate,Extensive,Slight,5655348.934745439,323162.796271168,4916691.114697056,415495.0237772161,30,120,60.0
362,Moderate,Extensive,None,5239853.910968224,323162.796271168,4916691.114697056,0.0,30,120,60.0
363,None,None,None,0.0,0.0,0.0,0.0,0,0,0.0
364,Slight,Slight,None,276996.682518144,69249.170629536,207747.51188860805,0.0,5,10,0.0
365,Extensive,Complete,Slight,11818525.120774146,1592730.9244793283,9810299.172517601,415495.0237772161,120,480,480.0
366,Extensive,Slight,Slight,2215973.4601451526,1592730.9244793283,207747.51188860805,415495.0237772161,120,480,480.0
367,Moderate,Moderate,None,1315734.241961184,323162.796271168,992571.445690016,0.0,30,120,60.0
368,Extensive,Complete,None,11403030.09699693,1592730.9244793283,9810299.172517601,0.0,120,480,480.0
369,Moderate,Moderate,Moderate,3462458.5314768003,323162.796271168,992571.445690016,2146724.2895156164,30,120,60.0
370,Slight,Slight,None,276996.682518144,69249.170629536,207747.51188860805,0.0,5,10,0.0
371,Moderate,Moderate,None,1315734.241961184,323162.796271168,992571.445690016,0.0,30,120,60.0
372,Moderate,Slight,None,530910.308159776,323162.796271168,207747.51188860805,0.0,30,120,60.0
373,Moderate,Extensive,Moderate,7386578.20048384,323162.796271168,4916691.114697056,2146724.2895156164,30,120,60.0
374,Extensive,Moderate,Moderate,4732026.659684961,1592730.9244793283,992571.445690016,2146724.2895156164,120,480,480.0
375,Slight,None,None,69249.170629536,69249.170629536,0.0,0.0,5,10,0.0
376,Moderate,Moderate,Slight,1731229.2657384002,323162.796271168,992571.445690016,415495.0237772161,30,120,60.0
377,Moderate,Slight,None,530910.308159776,323162.796271168,207747.51188860805,0.0,30,120,60.0
378,Slight,Moderate,None,1061820.616319552,69249.170629536,992571.445690016,0.0,5,10,0.0
379,Moderate,Moderate,None,1315734.241961184,323162.796271168,992571.445690016,0.0,30,120,60.0
380,Moderate,Moderate,None,1315734.241961184,323162.796271168,992571.445690016,0.0,30,120,60.0
381,Moderate,Slight,None,530910.308159776,323162.796271168,207747.51188860805,0.0,30,120,60.0
382,Moderate,Extensive,None,5239853.910968224,323162.796271168,4916691.114697056,0.0,30,120,60.0
383,Moderate,Moderate,None,1315734.241961184,323162.796271168,992571.445690016,0.0,30,120,60.0
384,Slight,Moderate,None,1061820.616319552,69249.170629536,992571.445690016,0.0,5,10,0.0
385,Extensive,Complete,Slight,11818525.120774146,1592730.9244793283,9810299.172517601,415495.0237772161,120,480,480.0
386,Complete,Complete,Complete,34624585.314768,3185461.8489586567,9810299.172517601,21628824.293291748,240,960,960.0
387,Slight,Moderate,Slight,1477315.6400967683,69249.170629536,992571.445690016,415495.0237772161,5,10,0.0
388,Slight,Moderate,None,1061820.616319552,69249.170629536,992571.445690016,0.0,5,10,0.0
389,Extensive,Extensive,Complete,28138246.33246813,1592730.9244793283,4916691.114697056,21628824.293291748,120,480,480.0
390,Moderate,Moderate,Slight,1731229.2657384002,323162.796271168,992571.445690016,415495.0237772161,30,120,60.0
391,Moderate,Moderate,None,1315734.241961184,323162.796271168,992571.445690016,0.0,30,120,60.0
392,Moderate,Moderate,Slight,1731229.2657384002,323162.796271168,992571.445690016,415495.0237772161,30,120,60.0
393,None,Slight,None,207747.51188860805,0.0,207747.51188860805,0.0,0,0,0.0
394,Slight,Slight,None,276996.682518144,69249.170629536,207747.51188860805,0.0,5,10,0.0
395,Slight,Slight,None,276996.682518144,69249.170629536,207747.51188860805,0.0,5,10,0.0
396,Extensive,Extensive,None,6509422.039176384,1592730.9244793283,4916691.114697056,0.0,120,480,480.0
397,Complete,Complete,Complete,34624585.314768,3185461.8489586567,9810299.172517601,21628824.293291748,240,960,960.0
398,Slight,Moderate,None,1061820.616319552,69249.170629536,992571.445690016,0.0,5,10,0.0
399,Slight,None,None,69249.170629536,69249.170629536,0.0,0.0,5,10,0.0
400,Complete,Complete,Complete,34624585.314768,3185461.8489586567,9810299.172517601,21628824.293291748,240,960,960.0
401,Moderate,None,Slight,738657.8200483841,323162.796271168,0.0,415495.0237772161,30,120,60.0
402,Moderate,Extensive,None,5239853.910968224,323162.796271168,4916691.114697056,0.0,30,120,60.0
403,Moderate,Moderate,Slight,1731229.2657384002,323162.796271168,992571.445690016,415495.0237772161,30,120,60.0
404,Moderate,Moderate,None,1315734.241961184,323162.796271168,992571.445690016,0.0,30,120,60.0
405,Slight,Moderate,None,1061820.616319552,69249.170629536,992571.445690016,0.0,5,10,0.0
406,Slight,Moderate,None,1061820.616319552,69249.170629536,992571.445690016,0.0,5,10,0.0
407,Moderate,Moderate,Slight,1731229.2657384002,323162.796271168,992571.445690016,415495.0237772161,30,120,60.0
408,Slight,None,None,69249.170629536,69249.170629536,0.0,0.0,5,10,0.0
409,None,None,None,0.0,0.0,0.0,0.0,0,0,0.0
410,None,None,None,0.0,0.0,0.0,0.0,0,0,0.0
411,Slight,Moderate,None,1061820.616319552,69249.170629536,992571.445690016,0.0,5,10,0.0
412,None,Slight,None,207747.51188860805,0.0,207747.51188860805,0.0,0,0,0.0
413,Moderate,Moderate,None,1315734.241961184,323162.796271168,992571.445690016,0.0,30,120,60.0
414,None,None,None,0.0,0.0,0.0,0.0,0,0,0.0
415,Complete,Extensive,Slight,8517647.987432929,3185461.8489586567,4916691.114697056,415495.0237772161,240,960,960.0
416,Moderate,Moderate,None,1315734.241961184,323162.796271168,992571.445690016,0.0,30,120,60.0
417,Complete,Complete,Complete,34624585.314768,3185461.8489586567,9810299.172517601,21628824.293291748,240,960,960.0
418,Moderate,Extensive,None,5239853.910968224,323162.796271168,4916691.114697056,0.0,30,120,60.0
419,Moderate,Moderate,None,1315734.241961184,323162.796271168,992571.445690016,0.0,30,120,60.0
420,Slight,Slight,Slight,692491.7062953601,69249.170629536,207747.51188860805,415495.0237772161,5,10,0.0
421,Moderate,Moderate,Slight,1731229.2657384002,323162.796271168,992571.445690016,415495.0237772161,30,120,60.0
422,Moderate,Moderate,None,1315734.241961184,323162.796271168,992571.445690016,0.0,30,120,60.0
423,Complete,Complete,Complete,34624585.314768,3185461.8489586567,9810299.172517601,21628824.293291748,240,960,960.0
424,Slight,Moderate,None,1061820.616319552,69249.170629536,992571.445690016,0.0,5,10,0.0
425,Moderate,Slight,None,530910.308159776,323162.796271168,207747.51188860805,0.0,30,120,60.0
426,Slight,Slight,None,276996.682518144,69249.170629536,207747.51188860805,0.0,5,10,0.0
427,Slight,Slight,None,276996.682518144,69249.170629536,207747.51188860805,0.0,5,10,0.0
428,None,None,None,0.0,0.0,0.0,0.0,0,0,0.0
429,Slight,Moderate,Slight,1477315.6400967683,69249.170629536,992571.445690016,415495.0237772161,5,10,0.0
430,Slight,None,None,69249.170629536,69249.170629536,0.0,0.0,5,10,0.0
431,Slight,Slight,None,276996.682518144,69249.170629536,207747.51188860805,0.0,5,10,0.0
432,Slight,Moderate,None,1061820.616319552,69249.170629536,992571.445690016,0.0,5,10,0.0
433,Slight,Slight,None,276996.682518144,69249.170629536,207747.51188860805,0.0,5,10,0.0
434,Slight,Slight,None,276996.682518144,69249.170629536,207747.51188860805,0.0,5,10,0.0
435,Moderate,Moderate,Slight,1731229.2657384002,323162.796271168,992571.445690016,415495.0237772161,30,120,60.0
436,Moderate,Moderate,None,1315734.241961184,323162.796271168,992571.445690016,0.0,30,120,60.0
437,Moderate,Complete,Extensive,18928106.638739843,323162.796271168,9810299.172517601,8794644.669951074,30,120,60.0
438,Extensive,Complete,Moderate,13549754.386512546,1592730.9244793283,9810299.172517601,2146724.2895156164,120,480,480.0
439,None,None,None,0.0,0.0,0.0,0.0,0,0,0.0
440,Moderate,Complete,None,10133461.96878877,323162.796271168,9810299.172517601,0.0,30,120,60.0
441,Extensive,Extensive,Slight,6924917.0629536,1592730.9244793283,4916691.114697056,415495.0237772161,120,480,480.0
442,Slight,Moderate,Slight,1477315.6400967683,69249.170629536,992571.445690016,415495.0237772161,5,10,0.0
443,Slight,Moderate,None,1061820.616319552,69249.170629536,992571.445690016,0.0,5,10,0.0
444,Slight,Slight,None,276996.682518144,69249.170629536,207747.51188860805,0.0,5,10,0.0
445,Moderate,Extensive,Moderate,7386578.20048384,323162.796271168,4916691.114697056,2146724.2895156164,30,120,60.0
446,Slight,Moderate,None,1061820.616319552,69249.170629536,992571.445690016,0.0,5,10,0.0
447,Moderate,Moderate,None,1315734.241961184,323162.796271168,992571.445690016,0.0,30,120,60.0
448,Moderate,Moderate,Slight,1731229.2657384002,323162.796271168,992571.445690016,415495.0237772161,30,120,60.0
449,Complete,Complete,Complete,34624585.314768,3185461.8489586567,9810299.172517601,21628824.293291748,240,960,960.0
450,Moderate,Slight,None,530910.308159776,323162.796271168,207747.51188860805,0.0,30,120,60.0
451,Moderate,Moderate,Slight,1731229.2657384002,323162.796271168,992571.445690016,415495.0237772161,30,120,60.0
452,Moderate,Moderate,None,1315734.241961184,323162.796271168,992571.445690016,0.0,30,120,60.0
453,Moderate,Moderate,None,1315734.241961184,323162.796271168,992571.445690016,0.0,30,120,60.0
454,Moderate,Complete,None,10133461.96878877,323162.796271168,9810299.172517601,0.0,30,120,60.0
455,None,None,None,0.0,0.0,0.0,0.0,0,0,0.0
456,Slight,Moderate,None,1061820.616319552,69249.170629536,992571.445690016,0.0,5,10,0.0
457,Slight,Complete,None,9879548.343147138,69249.170629536,9810299.172517601,0.0,5,10,0.0
458,Slight,Moderate,Slight,1477315.6400967683,69249.170629536,992571.445690016,415495.0237772161,5,10,0.0
459,Moderate,Moderate,Slight,1731229.2657384002,323162.796271168,992571.445690016,415495.0237772161,30,120,60.0
460,Moderate,Moderate,None,1315734.241961184,323162.796271168,992571.445690016,0.0,30,120,60.0
461,Moderate,Moderate,None,1315734.241961184,323162.796271168,992571.445690016,0.0,30,120,60.0
462,Moderate,Moderate,None,1315734.241961184,323162.796271168,992571.445690016,0.0,30,120,60.0
463,Slight,Slight,None,276996.682518144,69249.170629536,207747.51188860805,0.0,5,10,0.0
464,Extensive,Moderate,None,2585302.3701693444,1592730.9244793283,992571.445690016,0.0,120,480,480.0
465,None,Slight,None,207747.51188860805,0.0,207747.51188860805,0.0,0,0,0.0
466,Moderate,Extensive,Moderate,7386578.20048384,323162.796271168,4916691.114697056,2146724.2895156164,30,120,60.0
467,Slight,None,None,69249.170629536,69249.170629536,0.0,0.0,5,10,0.0
468,Complete,Complete,Complete,34624585.314768,3185461.8489586567,9810299.172517601,21628824.293291748,240,960,960.0
469,Moderate,Slight,Slight,946405.3319369921,323162.796271168,207747.51188860805,415495.0237772161,30,120,60.0
470,Slight,None,None,69249.170629536,69249.170629536,0.0,0.0,5,10,0.0
471,Slight,None,None,69249.170629536,69249.170629536,0.0,0.0,5,10,0.0
472,Slight,Slight,None,276996.682518144,69249.170629536,207747.51188860805,0.0,5,10,0.0
473,Extensive,Moderate,None,2585302.3701693444,1592730.9244793283,992571.445690016,0.0,120,480,480.0
474,Moderate,Slight,None,530910.308159776,323162.796271168,207747.51188860805,0.0,30,120,60.0
475,Moderate,Moderate,None,1315734.241961184,323162.796271168,992571.445690016,0.0,30,120,60.0
476,None,Moderate,None,992571.445690016,0.0,992571.445690016,0.0,0,0,0.0
477,Moderate,Moderate,None,1315734.241961184,323162.796271168,992571.445690016,0.0,30,120,60.0
478,Slight,Slight,None,276996.682518144,69249.170629536,207747.51188860805,0.0,5,10,0.0
479,Moderate,Moderate,None,1315734.241961184,323162.796271168,992571.445690016,0.0,30,120,60.0
480,Slight,Slight,None,276996.682518144,69249.170629536,207747.51188860805,0.0,5,10,0.0
481,Complete,Complete,Complete,34624585.314768,3185461.8489586567,9810299.172517601,21628824.293291748,240,960,960.0
482,Slight,Moderate,Slight,1477315.6400967683,69249.170629536,992571.445690016,415495.0237772161,5,10,0.0
483,Moderate,Moderate,None,1315734.241961184,323162.796271168,992571.445690016,0.0,30,120,60.0
484,Extensive,Complete,Slight,11818525.120774146,1592730.9244793283,9810299.172517601,415495.0237772161,120,480,480.0
485,Moderate,Slight,None,530910.308159776,323162.796271168,207747.51188860805,0.0,30,120,60.0
486,Moderate,Moderate,Moderate,3462458.5314768003,323162.796271168,992571.445690016,2146724.2895156164,30,120,60.0
487,Moderate,Extensive,None,5239853.910968224,323162.796271168,4916691.114697056,0.0,30,120,60.0
488,Moderate,Extensive,Slight,5655348.934745439,323162.796271168,4916691.114697056,415495.0237772161,30,120,60.0
489,Moderate,Extensive,Slight,5655348.934745439,323162.796271168,4916691.114697056,415495.0237772161,30,120,60.0
490,Moderate,Slight,Moderate,2677634.5976753924,323162.796271168,207747.51188860805,2146724.2895156164,30,120,60.0
491,Moderate,Slight,Moderate,2677634.5976753924,323162.796271168,207747.51188860805,2146724.2895156164,30,120,60.0
492,Slight,Slight,None,276996.682518144,69249.170629536,207747.51188860805,0.0,5,10,0.0
493,Moderate,Moderate,None,1315734.241961184,323162.796271168,992571.445690016,0.0,30,120,60.0
494,Moderate,Extensive,None,5239853.910968224,323162.796271168,4916691.114697056,0.0,30,120,60.0
495,Slight,Moderate,None,1061820.616319552,69249.170629536,992571.445690016,0.0,5,10,0.0
496,Slight,Moderate,Moderate,3208544.9058351684,69249.170629536,992571.445690016,2146724.2895156164,5,10,0.0
497,Extensive,Extensive,None,6509422.039176384,1592730.9244793283,4916691.114697056,0.0,120,480,480.0
498,Moderate,Slight,None,530910.308159776,323162.796271168,207747.51188860805,0.0,30,120,60.0
499,Extensive,Complete,None,11403030.09699693,1592730.9244793283,9810299.172517601,0.0,120,480,480.0
