,DS_Struct,DS_NonStruct_DriftSen,DS_NonStruct_AccelSen,RepairCost_Total,RepairCost_Struct,RepairCost_NonStruct_DriftSen,RepairCost_NonStruct_AccelSen,RepairTime,RecoveryTime,FunctionLossTime
0,Moderate,None,None,37783.683370048,37783.683370048,0.0,0.0,30,120,60.0
1,Extensive,Extensive,None,602896.1650785919,192203.95453459196,410692.210544,0.0,90,360,360.0
2,None,None,None,0.0,0.0,0.0,0.0,0,0,0.0
3,Complete,Complete,Complete,2464153.2632639995,384407.9090691839,821384.421088,1258360.933106816,180,720,720.0
4,Moderate,None,None,37783.683370048,37783.683370048,0.0,0.0,30,120,60.0
5,Moderate,Slight,None,54211.37179180799,37783.683370048,16427.688421759998,0.0,30,120,60.0
6,Extensive,Moderate,None,274342.3966433919,192203.95453459196,82138.4421088,0.0,90,360,360.0
7,Moderate,Slight,None,54211.37179180799,37783.683370048,16427.688421759998,0.0,30,120,60.0
8,Moderate,Moderate,None,119922.125478848,37783.683370048,82138.4421088,0.0,30,120,60.0
9,None,None,None,0.0,0.0,0.0,0.0,0,0,0.0
10,Complete,Complete,Complete,2464153.2632639995,384407.9090691839,821384.421088,1258360.933106816,180,720,720.0
11,Extensive,Moderate,Moderate,400835.5974909439,192203.95453459196,82138.4421088,126493.200847552,90,360,360.0
12,Slight,Slight,None,24641.532632639995,8213.844210879999,16427.688421759998,0.0,2,5,0.0
13,None,None,None,0.0,0.0,0.0,0.0,0,0,0.0
14,Moderate,Moderate,Moderate,246415.32632639998,37783.683370048,82138.4421088,126493.200847552,30,120,60.0
15,Extensive,Moderate,Moderate,400835.5974909439,192203.95453459196,82138.4421088,126493.200847552,90,360,360.0
16,Slight,None,None,8213.844210879999,8213.844210879999,0.0,0.0,2,5,0.0
17,None,Slight,None,16427.688421759998,0.0,16427.688421759998,0.0,0,0,0.0
18,Complete,Complete,Complete,2464153.2632639995,384407.9090691839,821384.421088,1258360.933106816,180,720,720.0
19,Moderate,Moderate,Slight,144563.65811148798,37783.683370048,82138.4421088,24641.532632639995,30,120,60.0
20,None,None,None,0.0,0.0,0.0,0.0,0,0,0.0
21,Slight,Moderate,Moderate,216845.48716723197,8213.844210879999,82138.4421088,126493.200847552,2,5,0.0
22,None,None,None,0.0,0.0,0.0,0.0,0,0,0.0
23,Extensive,Moderate,None,274342.3966433919,192203.95453459196,82138.4421088,0.0,90,360,360.0
24,Extensive,Slight,Slight,233273.17558899196,192203.95453459196,16427.688421759998,24641.532632639995,90,360,360.0
25,Moderate,Moderate,None,119922.125478848,37783.683370048,82138.4421088,0.0,30,120,60.0
26,Complete,Complete,Complete,2464153.2632639995,384407.9090691839,821384.421088,1258360.933106816,180,720,720.0
27,Moderate,Extensive,Slight,473117.42654668796,37783.683370048,410692.210544,24641.532632639995,30,120,60.0
28,Complete,Moderate,None,466546.3511779839,384407.9090691839,82138.4421088,0.0,180,720,720.0
29,Extensive,Moderate,Moderate,400835.5974909439,192203.95453459196,82138.4421088,126493.200847552,90,360,360.0
30,None,None,None,0.0,0.0,0.0,0.0,0,0,0.0
31,Complete,Moderate,Slight,491187.8838106239,384407.9090691839,82138.4421088,24641.532632639995,180,720,720.0
32,Slight,Slight,None,24641.532632639995,8213.844210879999,16427.688421759998,0.0,2,5,0.0
33,Extensive,Moderate,None,274342.3966433919,192203.95453459196,82138.4421088,0.0,90,360,360.0
34,Slight,None,None,8213.844210879999,8213.844210879999,0.0,0.0,2,5,0.0
35,Complete,Moderate,Extensive,1008660.0690960638,384407.9090691839,82138.4421088,542113.7179180799,180,720,720.0
36,Complete,Complete,Complete,2464153.2632639995,384407.9090691839,821384.421088,1258360.933106816,180,720,720.0
37,Moderate,None,Slight,62425.216002687994,37783.683370048,0.0,24641.532632639995,30,120,60.0
38,Moderate,None,None,37783.683370048,37783.683370048,0.0,0.0,30,120,60.0
39,Extensive,Extensive,Slight,627537.6977112319,192203.95453459196,410692.210544,24641.532632639995,90,360,360.0
40,None,None,None,0.0,0.0,0.0,0.0,0,0,0.0
41,Complete,Complete,Complete,2464153.2632639995,384407.9090691839,821384.421088,1258360.933106816,180,720,720.0
42,Slight,None,None,8213.844210879999,8213.844210879999,0.0,0.0,2,5,0.0
43,None,None,None,0.0,0.0,0.0,0.0,0,0,0.0
44,Moderate,Moderate,None,119922.125478848,37783.683370048,82138.4421088,0.0,30,120,60.0
45,Moderate,None,Slight,62425.216002687994,37783.683370048,0.0,24641.532632639995,30,120,60.0
46,None,None,None,0.0,0.0,0.0,0.0,0,0,0.0
47,Complete,Complete,Complete,2464153.2632639995,384407.9090691839,821384.421088,1258360.933106816,180,720,720.0
48,Extensive,Moderate,Slight,298983.9292760319,192203.95453459196,82138.4421088,24641.532632639995,90,360,360.0
49,Moderate,Slight,Slight,78852.90442444799,37783.683370048,16427.688421759998,24641.532632639995,30,120,60.0
50,Moderate,Moderate,None,119922.125478848,37783.683370048,82138.4421088,0.0,30,120,60.0
51,Slight,None,None,8213.844210879999,8213.844210879999,0.0,0.0,2,5,0.0
52,Moderate,Moderate,None,119922.125478848,37783.683370048,82138.4421088,0.0,30,120,60.0
53,Extensive,Moderate,Slight,298983.9292760319,192203.95453459196,82138.4421088,24641.532632639995,90,360,360.0
54,Slight,Slight,None,24641.532632639995,8213.844210879999,16427.688421759998,0.0,2,5,0.0
55,Slight,Slight,None,24641.532632639995,8213.844210879999,16427.688421759998,0.0,2,5,0.0
56,Slight,None,None,8213.844210879999,8213.844210879999,0.0,0.0,2,5,0.0
57,Complete,Extensive,Slight,819741.6522458239,384407.9090691839,410692.210544,24641.532632639995,180,720,720.0
58,Slight,None,None,8213.844210879999,8213.844210879999,0.0,0.0,2,5,0.0
59,Slight,Slight,None,24641.532632639995,8213.844210879999,16427.688421759998,0.0,2,5,0.0
60,Extensive,Moderate,Moderate,400835.5974909439,192203.95453459196,82138.4421088,126493.200847552,90,360,360.0
61,Slight,Slight,Moderate,151134.733480192,8213.844210879999,16427.688421759998,126493.200847552,2,5,0.0
62,None,None,None,0.0,0.0,0.0,0.0,0,0,0.0
63,Complete,Moderate,Slight,491187.8838106239,384407.9090691839,82138.4421088,24641.532632639995,180,720,720.0
64,Moderate,Moderate,Slight,144563.65811148798,37783.683370048,82138.4421088,24641.532632639995,30,120,60.0
65,None,Slight,None,16427.688421759998,0.0,16427.688421759998,0.0,0,0,0.0
66,Slight,None,None,8213.844210879999,8213.844210879999,0.0,0.0,2,5,0.0
67,Extensive,Extensive,None,602896.1650785919,192203.95453459196,410692.210544,0.0,90,360,360.0
68,Extensive,Moderate,Slight,298983.9292760319,192203.95453459196,82138.4421088,24641.532632639995,90,360,360.0
69,Moderate,Extensive,Slight,473117.42654668796,37783.683370048,410692.210544,24641.532632639995,30,120,60.0
70,None,None,None,0.0,0.0,0.0,0.0,0,0,0.0
71,Moderate,Slight,Slight,78852.90442444799,37783.683370048,16427.688421759998,24641.532632639995,30,120,60.0
72,Moderate,Slight,None,54211.37179180799,37783.683370048,16427.688421759998,0.0,30,120,60.0
73,Moderate,Moderate,None,119922.125478848,37783.683370048,82138.4421088,0.0,30,120,60.0
74,Slight,None,None,8213.844210879999,8213.844210879999,0.0,0.0,2,5,0.0
75,Complete,Complete,Complete,2464153.2632639995,384407.9090691839,821384.421088,1258360.933106816,180,720,720.0
76,Moderate,None,None,37783.683370048,37783.683370048,0.0,0.0,30,120,60.0
77,Complete,Moderate,Moderate,593039.552025536,384407.9090691839,82138.4421088,126493.200847552,180,720,720.0
78,Extensive,Moderate,Slight,298983.9292760319,192203.95453459196,82138.4421088,24641.532632639995,90,360,360.0
79,Slight,None,None,8213.844210879999,8213.844210879999,0.0,0.0,2,5,0.0
80,Slight,Moderate,Slight,114993.81895231998,8213.844210879999,82138.4421088,24641.532632639995,2,5,0.0
81,Moderate,None,None,37783.683370048,37783.683370048,0.0,0.0,30,120,60.0
82,None,None,None,0.0,0.0,0.0,0.0,0,0,0.0
83,Complete,Extensive,None,795100.1196131839,384407.9090691839,410692.210544,0.0,180,720,720.0
84,None,None,None,0.0,0.0,0.0,0.0,0,0,0.0
85,Extensive,Extensive,Slight,627537.6977112319,192203.95453459196,410692.210544,24641.532632639995,90,360,360.0
86,Moderate,None,None,37783.683370048,37783.683370048,0.0,0.0,30,120,60.0
87,Slight,Slight,None,24641.532632639995,8213.844210879999,16427.688421759998,0.0,2,5,0.0
88,Slight,Moderate,None,90352.28631967999,8213.844210879999,82138.4421088,0.0,2,5,0.0
89,Slight,None,None,8213.844210879999,8213.844210879999,0.0,0.0,2,5,0.0
90,None,None,None,0.0,0.0,0.0,0.0,0,0,0.0
91,Moderate,Slight,None,54211.37179180799,37783.683370048,16427.688421759998,0.0,30,120,60.0
92,None,None,None,0.0,0.0,0.0,0.0,0,0,0.0
93,Moderate,Moderate,Slight,144563.65811148798,37783.683370048,82138.4421088,24641.532632639995,30,120,60.0
94,Extensive,Moderate,Slight,298983.9292760319,192203.95453459196,82138.4421088,24641.532632639995,90,360,360.0
95,Slight,None,None,8213.844210879999,8213.844210879999,0.0,0.0,2,5,0.0
96,Slight,Moderate,None,90352.28631967999,8213.844210879999,82138.4421088,0.0,2,5,0.0
97,None,Slight,None,16427.688421759998,0.0,16427.688421759998,0.0,0,0,0.0
98,Slight,None,None,8213.844210879999,8213.844210879999,0.0,0.0,2,5,0.0
99,None,None,Slight,24641.532632639995,0.0,0.0,24641.532632639995,0,0,0.0
100,Moderate,Slight,None,54211.37179180799,37783.683370048,16427.688421759998,0.0,30,120,60.0
101,None,None,None,0.0,0.0,0.0,0.0,0,0,0.0
102,None,None,None,0.0,0.0,0.0,0.0,0,0,0.0
103,Moderate,Moderate,None,119922.125478848,37783.683370048,82138.4421088,0.0,30,120,60.0
104,Slight,None,None,8213.844210879999,8213.844210879999,0.0,0.0,2,5,0.0
105,Complete,Complete,Complete,2464153.2632639995,384407.9090691839,821384.421088,1258360.933106816,180,720,720.0
106,Moderate,None,None,37783.683370048,37783.683370048,0.0,0.0,30,120,60.0
107,Extensive,Moderate,None,274342.3966433919,192203.95453459196,82138.4421088,0.0,90,360,360.0
108,Slight,None,None,8213.844210879999,8213.844210879999,0.0,0.0,2,5,0.0
109,Complete,Complete,Slight,1230433.862789824,384407.9090691839,821384.421088,24641.532632639995,180,720,720.0
110,None,None,None,0.0,0.0,0.0,0.0,0,0,0.0
111,Complete,Complete,Complete,2464153.2632639995,384407.9090691839,821384.421088,1258360.933106816,180,720,720.0
112,Slight,None,None,8213.844210879999,8213.844210879999,0.0,0.0,2,5,0.0
113,Complete,Complete,Complete,2464153.2632639995,384407.9090691839,821384.421088,1258360.933106816,180,720,720.0
114,None,None,None,0.0,0.0,0.0,0.0,0,0,0.0
115,Complete,Extensive,Moderate,921593.3204607359,384407.9090691839,410692.210544,126493.200847552,180,720,720.0
116,Slight,Slight,None,24641.532632639995,8213.844210879999,16427.688421759998,0.0,2,5,0.0
117,Moderate,Slight,Moderate,180704.57263935998,37783.683370048,16427.688421759998,126493.200847552,30,120,60.0
118,Extensive,Moderate,Slight,298983.9292760319,192203.95453459196,82138.4421088,24641.532632639995,90,360,360.0
119,Moderate,Moderate,Slight,144563.65811148798,37783.683370048,82138.4421088,24641.532632639995,30,120,60.0
120,Extensive,Moderate,Slight,298983.9292760319,192203.95453459196,82138.4421088,24641.532632639995,90,360,360.0
121,None,None,None,0.0,0.0,0.0,0.0,0,0,0.0
122,Complete,Complete,Complete,2464153.2632639995,384407.9090691839,821384.421088,1258360.933106816,180,720,720.0
123,Moderate,Moderate,Moderate,246415.32632639998,37783.683370048,82138.4421088,126493.200847552,30,120,60.0
124,Extensive,Extensive,Slight,627537.6977112319,192203.95453459196,410692.210544,24641.532632639995,90,360,360.0
125,None,None,None,0.0,0.0,0.0,0.0,0,0,0.0
126,Extensive,Complete,Slight,1038229.9082552319,192203.95453459196,821384.421088,24641.532632639995,90,360,360.0
127,Complete,Complete,Complete,2464153.2632639995,384407.9090691839,821384.421088,1258360.933106816,180,720,720.0
128,Moderate,Moderate,None,119922.125478848,37783.683370048,82138.4421088,0.0,30,120,60.0
129,Slight,Slight,Moderate,151134.733480192,8213.844210879999,16427.688421759998,126493.200847552,2,5,0.0
130,Moderate,Moderate,Slight,144563.65811148798,37783.683370048,82138.4421088,24641.532632639995,30,120,60.0
131,Complete,Extensive,Moderate,921593.3204607359,384407.9090691839,410692.210544,126493.200847552,180,720,720.0
132,Moderate,Moderate,None,119922.125478848,37783.683370048,82138.4421088,0.0,30,120,60.0
133,Extensive,Moderate,Slight,298983.9292760319,192203.95453459196,82138.4421088,24641.532632639995,90,360,360.0
134,None,None,None,0.0,0.0,0.0,0.0,0,0,0.0
135,Extensive,Moderate,None,274342.3966433919,192203.95453459196,82138.4421088,0.0,90,360,360.0
136,Slight,Slight,Slight,49283.06526527999,8213.844210879999,16427.688421759998,24641.532632639995,2,5,0.0
137,Moderate,Slight,Slight,78852.90442444799,37783.683370048,16427.688421759998,24641.532632639995,30,120,60.0
138,Extensive,Extensive,Slight,627537.6977112319,192203.95453459196,410692.210544,24641.532632639995,90,360,360.0
139,Extensive,Slight,None,208631.64295635195,192203.95453459196,16427.688421759998,0.0,90,360,360.0
140,Moderate,Slight,None,54211.37179180799,37783.683370048,16427.688421759998,0.0,30,120,60.0
141,Extensive,Slight,Slight,233273.17558899196,192203.95453459196,16427.688421759998,24641.532632639995,90,360,360.0
142,None,None,None,0.0,0.0,0.0,0.0,0,0,0.0
143,Slight,None,None,8213.844210879999,8213.844210879999,0.0,0.0,2,5,0.0
144,Moderate,Slight,Slight,78852.90442444799,37783.683370048,16427.688421759998,24641.532632639995,30,120,60.0
145,Extensive,Moderate,None,274342.3966433919,192203.95453459196,82138.4421088,0.0,90,360,360.0
146,None,None,None,0.0,0.0,0.0,0.0,0,0,0.0
147,Slight,Slight,None,24641.532632639995,8213.844210879999,16427.688421759998,0.0,2,5,0.0
148,Extensive,Moderate,None,274342.3966433919,192203.95453459196,82138.4421088,0.0,90,360,360.0
149,Moderate,Moderate,None,119922.125478848,37783.683370048,82138.4421088,0.0,30,120,60.0
150,None,None,None,0.0,0.0,0.0,0.0,0,0,0.0
151,Moderate,Moderate,None,119922.125478848,37783.683370048,82138.4421088,0.0,30,120,60.0
152,None,None,None,0.0,0.0,0.0,0.0,0,0,0.0
153,Moderate,None,None,37783.683370048,37783.683370048,0.0,0.0,30,120,60.0
154,None,None,None,0.0,0.0,0.0,0.0,0,0,0.0
155,Slight,None,None,8213.844210879999,8213.844210879999,0.0,0.0,2,5,0.0
156,None,None,None,0.0,0.0,0.0,0.0,0,0,0.0
157,Complete,Complete,Slight,1230433.862789824,384407.9090691839,821384.421088,24641.532632639995,180,720,720.0
158,None,None,None,0.0,0.0,0.0,0.0,0,0,0.0
159,Moderate,None,None,37783.683370048,37783.683370048,0.0,0.0,30,120,60.0
160,Complete,Extensive,Moderate,921593.3204607359,384407.9090691839,410692.210544,126493.200847552,180,720,720.0
161,Extensive,Extensive,Slight,627537.6977112319,192203.95453459196,410692.210544,24641.532632639995,90,360,360.0
162,Moderate,None,None,37783.683370048,37783.683370048,0.0,0.0,30,120,60.0
163,Complete,Moderate,Slight,491187.8838106239,384407.9090691839,82138.4421088,24641.532632639995,180,720,720.0
164,Extensive,Moderate,None,274342.3966433919,192203.95453459196,82138.4421088,0.0,90,360,360.0
165,Complete,Complete,Complete,2464153.2632639995,384407.9090691839,821384.421088,1258360.933106816,180,720,720.0
166,None,Slight,Slight,41069.2210544,0.0,16427.688421759998,24641.532632639995,0,0,0.0
167,Slight,Moderate,None,90352.28631967999,8213.844210879999,82138.4421088,0.0,2,5,0.0
168,Extensive,Extensive,Moderate,729389.365926144,192203.95453459196,410692.210544,126493.200847552,90,360,360.0
169,Complete,Complete,Complete,2464153.2632639995,384407.9090691839,821384.421088,1258360.933106816,180,720,720.0
170,Slight,Slight,None,24641.532632639995,8213.844210879999,16427.688421759998,0.0,2,5,0.0
171,Extensive,Moderate,None,274342.3966433919,192203.95453459196,82138.4421088,0.0,90,360,360.0
172,Moderate,None,None,37783.683370048,37783.683370048,0.0,0.0,30,120,60.0
173,Moderate,Moderate,Slight,144563.65811148798,37783.683370048,82138.4421088,24641.532632639995,30,120,60.0
174,Moderate,Extensive,Moderate,574969.0947616,37783.683370048,410692.210544,126493.200847552,30,120,60.0
175,Extensive,Slight,None,208631.64295635195,192203.95453459196,16427.688421759998,0.0,90,360,360.0
176,Moderate,Moderate,Slight,144563.65811148798,37783.683370048,82138.4421088,24641.532632639995,30,120,60.0
177,Slight,Moderate,Slight,114993.81895231998,8213.844210879999,82138.4421088,24641.532632639995,2,5,0.0
178,Extensive,Slight,Slight,233273.17558899196,192203.95453459196,16427.688421759998,24641.532632639995,90,360,360.0
179,Complete,Moderate,None,466546.3511779839,384407.9090691839,82138.4421088,0.0,180,720,720.0
180,Moderate,Moderate,Slight,144563.65811148798,37783.683370048,82138.4421088,24641.532632639995,30,120,60.0
181,Moderate,None,None,37783.683370048,37783.683370048,0.0,0.0,30,120,60.0
182,None,None,None,0.0,0.0,0.0,0.0,0,0,0.0
183,Slight,None,None,8213.844210879999,8213.844210879999,0.0,0.0,2,5,0.0
184,Moderate,Slight,None,54211.37179180799,37783.683370048,16427.688421759998,0.0,30,120,60.0
185,Slight,Slight,None,24641.532632639995,8213.844210879999,16427.688421759998,0.0,2,5,0.0
186,Moderate,Slight,Slight,78852.90442444799,37783.683370048,16427.688421759998,24641.532632639995,30,120,60.0
187,Moderate,Slight,None,54211.37179180799,37783.683370048,16427.688421759998,0.0,30,120,60.0
188,Complete,Complete,Moderate,1332285.5310047357,384407.9090691839,821384.421088,126493.200847552,180,720,720.0
189,None,None,None,0.0,0.0,0.0,0.0,0,0,0.0
190,Moderate,Slight,None,54211.37179180799,37783.683370048,16427.688421759998,0.0,30,120,60.0
191,None,None,None,0.0,0.0,0.0,0.0,0,0,0.0
192,Moderate,Moderate,Slight,144563.65811148798,37783.683370048,82138.4421088,24641.532632639995,30,120,60.0
193,Slight,None,None,8213.844210879999,8213.844210879999,0.0,0.0,2,5,0.0
194,Extensive,Moderate,Slight,298983.9292760319,192203.95453459196,82138.4421088,24641.532632639995,90,360,360.0
195,Moderate,Moderate,None,119922.125478848,37783.683370048,82138.4421088,0.0,30,120,60.0
196,Moderate,Slight,Slight,78852.90442444799,37783.683370048,16427.688421759998,24641.532632639995,30,120,60.0
197,Slight,Slight,Slight,49283.06526527999,8213.844210879999,16427.688421759998,24641.532632639995,2,5,0.0
198,Slight,Slight,Slight,49283.06526527999,8213.844210879999,16427.688421759998,24641.532632639995,2,5,0.0
199,Moderate,Moderate,None,119922.125478848,37783.683370048,82138.4421088,0.0,30,120,60.0
200,Complete,Complete,Complete,2464153.2632639995,384407.9090691839,821384.421088,1258360.933106816,180,720,720.0
201,None,None,None,0.0,0.0,0.0,0.0,0,0,0.0
202,Slight,None,None,8213.844210879999,8213.844210879999,0.0,0.0,2,5,0.0
203,Slight,None,None,8213.844210879999,8213.844210879999,0.0,0.0,2,5,0.0
204,Complete,Complete,Slight,1230433.862789824,384407.9090691839,821384.421088,24641.532632639995,180,720,720.0
205,Moderate,Moderate,None,119922.125478848,37783.683370048,82138.4421088,0.0,30,120,60.0
206,Moderate,Slight,None,54211.37179180799,37783.683370048,16427.688421759998,0.0,30,120,60.0
207,Slight,Moderate,Slight,114993.81895231998,8213.844210879999,82138.4421088,24641.532632639995,2,5,0.0
208,Moderate,Moderate,Slight,144563.65811148798,37783.683370048,82138.4421088,24641.532632639995,30,120,60.0
209,Complete,Complete,Slight,1230433.862789824,384407.9090691839,821384.421088,24641.532632639995,180,720,720.0
210,Extensive,Moderate,None,274342.3966433919,192203.95453459196,82138.4421088,0.0,90,360,360.0
211,Moderate,Moderate,None,119922.125478848,37783.683370048,82138.4421088,0.0,30,120,60.0
212,Moderate,Extensive,None,448475.893914048,37783.683370048,410692.210544,0.0,30,120,60.0
213,Moderate,Moderate,Moderate,246415.32632639998,37783.683370048,82138.4421088,126493.200847552,30,120,60.0
214,Extensive,Moderate,Moderate,400835.5974909439,192203.95453459196,82138.4421088,126493.200847552,90,360,360.0
215,Extensive,Moderate,Slight,298983.9292760319,192203.95453459196,82138.4421088,24641.532632639995,90,360,360.0
216,Slight,Slight,None,24641.532632639995,8213.844210879999,16427.688421759998,0.0,2,5,0.0
217,None,None,None,0.0,0.0,0.0,0.0,0,0,0.0
218,None,None,None,0.0,0.0,0.0,0.0,0,0,0.0
219,Moderate,None,None,37783.683370048,37783.683370048,0.0,0.0,30,120,60.0
220,None,None,None,0.0,0.0,0.0,0.0,0,0,0.0
221,Moderate,Moderate,None,119922.125478848,37783.683370048,82138.4421088,0.0,30,120,60.0
222,Extensive,Slight,Slight,233273.17558899196,192203.95453459196,16427.688421759998,24641.532632639995,90,360,360.0
223,Slight,Slight,None,24641.532632639995,8213.844210879999,16427.688421759998,0.0,2,5,0.0
224,Slight,None,None,8213.844210879999,8213.844210879999,0.0,0.0,2,5,0.0
225,None,None,None,0.0,0.0,0.0,0.0,0,0,0.0
226,Extensive,Moderate,Moderate,400835.5974909439,192203.95453459196,82138.4421088,126493.200847552,90,360,360.0
227,None,None,None,0.0,0.0,0.0,0.0,0,0,0.0
228,Extensive,None,Slight,216845.48716723197,192203.95453459196,0.0,24641.532632639995,90,360,360.0
229,Extensive,Extensive,None,602896.1650785919,192203.95453459196,410692.210544,0.0,90,360,360.0
230,Moderate,Moderate,Slight,144563.65811148798,37783.683370048,82138.4421088,24641.532632639995,30,120,60.0
231,Extensive,Slight,None,208631.64295635195,192203.95453459196,16427.688421759998,0.0,90,360,360.0
232,Extensive,Moderate,None,274342.3966433919,192203.95453459196,82138.4421088,0.0,90,360,360.0
233,None,None,None,0.0,0.0,0.0,0.0,0,0,0.0
234,Extensive,Slight,Slight,233273.17558899196,192203.95453459196,16427.688421759998,24641.532632639995,90,360,360.0
235,Complete,Complete,Moderate,1332285.5310047357,384407.9090691839,821384.421088,126493.200847552,180,720,720.0
236,Moderate,Moderate,None,119922.125478848,37783.683370048,82138.4421088,0.0,30,120,60.0
237,Moderate,Slight,None,54211.37179180799,37783.683370048,16427.688421759998,0.0,30,120,60.0
238,Complete,Complete,Complete,2464153.2632639995,384407.9090691839,821384.421088,1258360.933106816,180,720,720.0
239,Moderate,Moderate,None,119922.125478848,37783.683370048,82138.4421088,0.0,30,120,60.0
240,Slight,Moderate,Slight,114993.81895231998,8213.844210879999,82138.4421088,24641.532632639995,2,5,0.0
241,Slight,Slight,None,24641.532632639995,8213.844210879999,16427.688421759998,0.0,2,5,0.0
242,None,None,None,0.0,0.0,0.0,0.0,0,0,0.0
243,Slight,Slight,None,24641.532632639995,8213.844210879999,16427.688421759998,0.0,2,5,0.0
244,Complete,Complete,Complete,2464153.2632639995,384407.9090691839,821384.421088,1258360.933106816,180,720,720.0
245,None,None,None,0.0,0.0,0.0,0.0,0,0,0.0
246,None,None,None,0.0,0.0,0.0,0.0,0,0,0.0
247,Extensive,Moderate,Slight,298983.9292760319,192203.95453459196,82138.4421088,24641.532632639995,90,360,360.0
248,Moderate,Slight,Slight,78852.90442444799,37783.683370048,16427.688421759998,24641.532632639995,30,120,60.0
249,Extensive,Extensive,Slight,627537.6977112319,192203.95453459196,410692.210544,24641.532632639995,90,360,360.0
250,Moderate,Slight,Slight,78852.90442444799,37783.683370048,16427.688421759998,24641.532632639995,30,120,60.0
251,None,None,None,0.0,0.0,0.0,0.0,0,0,0.0
252,None,None,None,0.0,0.0,0.0,0.0,0,0,0.0
253,None,None,None,0.0,0.0,0.0,0.0,0,0,0.0
254,None,None,None,0.0,0.0,0.0,0.0,0,0,0.0
255,Extensive,Moderate,None,274342.3966433919,192203.95453459196,82138.4421088,0.0,90,360,360.0
256,None,None,None,0.0,0.0,0.0,0.0,0,0,0.0
257,Extensive,Moderate,None,274342.3966433919,192203.95453459196,82138.4421088,0.0,90,360,360.0
258,Complete,Moderate,Slight,491187.8838106239,384407.9090691839,82138.4421088,24641.532632639995,180,720,720.0
259,Moderate,Extensive,Slight,473117.42654668796,37783.683370048,410692.210544,24641.532632639995,30,120,60.0
260,Complete,Complete,Complete,2464153.2632639995,384407.9090691839,821384.421088,1258360.933106816,180,720,720.0
261,Slight,Slight,None,24641.532632639995,8213.844210879999,16427.688421759998,0.0,2,5,0.0
262,Moderate,Extensive,Slight,473117.42654668796,37783.683370048,410692.210544,24641.532632639995,30,120,60.0
263,Complete,Moderate,Slight,491187.8838106239,384407.9090691839,82138.4421088,24641.532632639995,180,720,720.0
264,Extensive,Slight,None,208631.64295635195,192203.95453459196,16427.688421759998,0.0,90,360,360.0
265,None,Slight,None,16427.688421759998,0.0,16427.688421759998,0.0,0,0,0.0
266,Slight,None,None,8213.844210879999,8213.844210879999,0.0,0.0,2,5,0.0
267,Moderate,Slight,None,54211.37179180799,37783.683370048,16427.688421759998,0.0,30,120,60.0
268,None,None,None,0.0,0.0,0.0,0.0,0,0,0.0
269,None,None,None,0.0,0.0,0.0,0.0,0,0,0.0
270,None,None,None,0.0,0.0,0.0,0.0,0,0,0.0
271,Moderate,Slight,None,54211.37179180799,37783.683370048,16427.688421759998,0.0,30,120,60.0
272,Slight,None,None,8213.844210879999,8213.844210879999,0.0,0.0,2,5,0.0
273,Moderate,Moderate,Slight,144563.65811148798,37783.683370048,82138.4421088,24641.532632639995,30,120,60.0
274,Extensive,Moderate,Slight,298983.9292760319,192203.95453459196,82138.4421088,24641.532632639995,90,360,360.0
275,None,None,None,0.0,0.0,0.0,0.0,0,0,0.0
276,Slight,None,Slight,32855.376843519996,8213.844210879999,0.0,24641.532632639995,2,5,0.0
277,Moderate,Moderate,None,119922.125478848,37783.683370048,82138.4421088,0.0,30,120,60.0
278,None,None,None,0.0,0.0,0.0,0.0,0,0,0.0
279,Extensive,Moderate,None,274342.3966433919,192203.95453459196,82138.4421088,0.0,90,360,360.0
280,None,None,None,0.0,0.0,0.0,0.0,0,0,0.0
281,Extensive,Moderate,None,274342.3966433919,192203.95453459196,82138.4421088,0.0,90,360,360.0
282,Slight,None,None,8213.844210879999,8213.844210879999,0.0,0.0,2,5,0.0
283,Complete,Complete,Slight,1230433.862789824,384407.9090691839,821384.421088,24641.532632639995,180,720,720.0
284,Moderate,Moderate,None,119922.125478848,37783.683370048,82138.4421088,0.0,30,120,60.0
285,Complete,Moderate,Slight,491187.8838106239,384407.9090691839,82138.4421088,24641.532632639995,180,720,720.0
286,Extensive,Moderate,Slight,298983.9292760319,192203.95453459196,82138.4421088,24641.532632639995,90,360,360.0
287,None,None,None,0.0,0.0,0.0,0.0,0,0,0.0
288,Slight,None,None,8213.844210879999,8213.844210879999,0.0,0.0,2,5,0.0
289,Extensive,Moderate,None,274342.3966433919,192203.95453459196,82138.4421088,0.0,90,360,360.0
290,Extensive,Moderate,Slight,298983.9292760319,192203.95453459196,82138.4421088,24641.532632639995,90,360,360.0
291,Moderate,None,None,37783.683370048,37783.683370048,0.0,0.0,30,120,60.0
292,None,None,None,0.0,0.0,0.0,0.0,0,0,0.0
293,Extensive,Moderate,Slight,298983.9292760319,192203.95453459196,82138.4421088,24641.532632639995,90,360,360.0
294,Extensive,Slight,None,208631.64295635195,192203.95453459196,16427.688421759998,0.0,90,360,360.0
295,None,None,None,0.0,0.0,0.0,0.0,0,0,0.0
296,Moderate,Slight,None,54211.37179180799,37783.683370048,16427.688421759998,0.0,30,120,60.0
297,None,Slight,None,16427.688421759998,0.0,16427.688421759998,0.0,0,0,0.0
298,Moderate,Extensive,Slight,473117.42654668796,37783.683370048,410692.210544,24641.532632639995,30,120,60.0
299,None,None,None,0.0,0.0,0.0,0.0,0,0,0.0
300,Moderate,Extensive,None,448475.893914048,37783.683370048,410692.210544,0.0,30,120,60.0
301,Moderate,None,None,37783.683370048,37783.683370048,0.0,0.0,30,120,60.0
302,None,None,None,0.0,0.0,0.0,0.0,0,0,0.0
303,Moderate,None,None,37783.683370048,37783.683370048,0.0,0.0,30,120,60.0
304,None,None,None,0.0,0.0,0.0,0.0,0,0,0.0
305,Slight,None,None,8213.844210879999,8213.844210879999,0.0,0.0,2,5,0.0
306,Extensive,Moderate,None,274342.3966433919,192203.95453459196,82138.4421088,0.0,90,360,360.0
307,None,None,None,0.0,0.0,0.0,0.0,0,0,0.0
308,Moderate,Moderate,None,119922.125478848,37783.683370048,82138.4421088,0.0,30,120,60.0
309,Moderate,None,None,37783.683370048,37783.683370048,0.0,0.0,30,120,60.0
310,Moderate,Moderate,Extensive,662035.8433969279,37783.683370048,82138.4421088,542113.7179180799,30,120,60.0
311,Extensive,Slight,None,208631.64295635195,192203.95453459196,16427.688421759998,0.0,90,360,360.0
312,Moderate,Slight,None,54211.37179180799,37783.683370048,16427.688421759998,0.0,30,120,60.0
313,None,None,None,0.0,0.0,0.0,0.0,0,0,0.0
314,Complete,Moderate,Slight,491187.8838106239,384407.9090691839,82138.4421088,24641.532632639995,180,720,720.0
315,Extensive,Extensive,None,602896.1650785919,192203.95453459196,410692.210544,0.0,90,360,360.0
316,Slight,None,None,8213.844210879999,8213.844210879999,0.0,0.0,2,5,0.0
317,Extensive,Moderate,None,274342.3966433919,192203.95453459196,82138.4421088,0.0,90,360,360.0
318,Moderate,None,None,37783.683370048,37783.683370048,0.0,0.0,30,120,60.0
319,Moderate,Slight,Moderate,180704.57263935998,37783.683370048,16427.688421759998,126493.200847552,30,120,60.0
320,Complete,Complete,Complete,2464153.2632639995,384407.9090691839,821384.421088,1258360.933106816,180,720,720.0
321,None,None,None,0.0,0.0,0.0,0.0,0,0,0.0
322,Moderate,Slight,None,54211.37179180799,37783.683370048,16427.688421759998,0.0,30,120,60.0
323,Complete,Complete,Slight,1230433.862789824,384407.9090691839,821384.421088,24641.532632639995,180,720,720.0
324,Slight,Slight,None,24641.532632639995,8213.844210879999,16427.688421759998,0.0,2,5,0.0
325,Moderate,Slight,None,54211.37179180799,37783.683370048,16427.688421759998,0.0,30,120,60.0
326,Extensive,Moderate,None,274342.3966433919,192203.95453459196,82138.4421088,0.0,90,360,360.0
327,Complete,Moderate,Slight,491187.8838106239,384407.9090691839,82138.4421088,24641.532632639995,180,720,720.0
328,Complete,Complete,Complete,2464153.2632639995,384407.9090691839,821384.421088,1258360.933106816,180,720,720.0
329,Slight,Moderate,None,90352.28631967999,8213.844210879999,82138.4421088,0.0,2,5,0.0
330,Moderate,Slight,None,54211.37179180799,37783.683370048,16427.688421759998,0.0,30,120,60.0
331,Complete,Complete,Complete,2464153.2632639995,384407.9090691839,821384.421088,1258360.933106816,180,720,720.0
332,Extensive,Moderate,None,274342.3966433919,192203.95453459196,82138.4421088,0.0,90,360,360.0
333,Slight,None,Slight,32855.376843519996,8213.844210879999,0.0,24641.532632639995,2,5,0.0
334,Slight,Slight,None,24641.532632639995,8213.844210879999,16427.688421759998,0.0,2,5,0.0
335,Moderate,Slight,Slight,78852.90442444799,37783.683370048,16427.688421759998,24641.532632639995,30,120,60.0
336,Complete,Complete,Complete,2464153.2632639995,384407.9090691839,821384.421088,1258360.933106816,180,720,720.0
337,Extensive,Moderate,Slight,298983.9292760319,192203.95453459196,82138.4421088,24641.532632639995,90,360,360.0
338,Moderate,Moderate,None,119922.125478848,37783.683370048,82138.4421088,0.0,30,120,60.0
339,Moderate,Slight,None,54211.37179180799,37783.683370048,16427.688421759998,0.0,30,120,60.0
340,Slight,None,None,8213.844210879999,8213.844210879999,0.0,0.0,2,5,0.0
341,Slight,Slight,None,24641.532632639995,8213.844210879999,16427.688421759998,0.0,2,5,0.0
342,Moderate,Slight,None,54211.37179180799,37783.683370048,16427.688421759998,0.0,30,120,60.0
343,Moderate,Slight,None,54211.37179180799,37783.683370048,16427.688421759998,0.0,30,120,60.0
344,Slight,None,None,8213.844210879999,8213.844210879999,0.0,0.0,2,5,0.0
345,None,None,Slight,24641.532632639995,0.0,0.0,24641.532632639995,0,0,0.0
346,Complete,Extensive,Extensive,1337213.837531264,384407.9090691839,410692.210544,542113.7179180799,180,720,720.0
347,None,None,None,0.0,0.0,0.0,0.0,0,0,0.0
348,Slight,None,None,8213.844210879999,8213.844210879999,0.0,0.0,2,5,0.0
349,None,None,None,0.0,0.0,0.0,0.0,0,0,0.0
350,Slight,None,None,8213.844210879999,8213.844210879999,0.0,0.0,2,5,0.0
351,Moderate,Slight,Slight,78852.90442444799,37783.683370048,16427.688421759998,24641.532632639995,30,120,60.0
352,Extensive,Slight,None,208631.64295635195,192203.95453459196,16427.688421759998,0.0,90,360,360.0
353,None,None,None,0.0,0.0,0.0,0.0,0,0,0.0
354,None,None,None,0.0,0.0,0.0,0.0,0,0,0.0
355,Moderate,Slight,Slight,78852.90442444799,37783.683370048,16427.688421759998,24641.532632639995,30,120,60.0
356,None,None,None,0.0,0.0,0.0,0.0,0,0,0.0
357,None,None,None,0.0,0.0,0.0,0.0,0,0,0.0
358,Slight,None,None,8213.844210879999,8213.844210879999,0.0,0.0,2,5,0.0
359,None,Slight,Slight,41069.2210544,0.0,16427.688421759998,24641.532632639995,0,0,0.0
360,None,None,None,0.0,0.0,0.0,0.0,0,0,0.0
361,Extensive,Moderate,Slight,298983.9292760319,192203.95453459196,82138.4421088,24641.532632639995,90,360,360.0
362,Complete,Extensive,Slight,819741.6522458239,384407.9090691839,410692.210544,24641.532632639995,180,720,720.0
363,None,Moderate,None,82138.4421088,0.0,82138.4421088,0.0,0,0,0.0
364,None,None,None,0.0,0.0,0.0,0.0,0,0,0.0
365,Slight,Slight,Slight,49283.06526527999,8213.844210879999,16427.688421759998,24641.532632639995,2,5,0.0
366,Complete,Extensive,Slight,819741.6522458239,384407.9090691839,410692.210544,24641.532632639995,180,720,720.0
367,Extensive,Moderate,Slight,298983.9292760319,192203.95453459196,82138.4421088,24641.532632639995,90,360,360.0
368,Complete,Complete,Extensive,1747906.0480752639,384407.9090691839,821384.421088,542113.7179180799,180,720,720.0
369,Extensive,Extensive,Slight,627537.6977112319,192203.95453459196,410692.210544,24641.532632639995,90,360,360.0
370,Slight,Slight,Slight,49283.06526527999,8213.844210879999,16427.688421759998,24641.532632639995,2,5,0.0
371,Complete,Extensive,None,795100.1196131839,384407.9090691839,410692.210544,0.0,180,720,720.0
372,None,None,None,0.0,0.0,0.0,0.0,0,0,0.0
373,Complete,Complete,Complete,2464153.2632639995,384407.9090691839,821384.421088,1258360.933106816,180,720,720.0
374,Slight,Moderate,Slight,114993.81895231998,8213.844210879999,82138.4421088,24641.532632639995,2,5,0.0
375,Complete,Slight,None,400835.5974909439,384407.9090691839,16427.688421759998,0.0,180,720,720.0
376,Complete,Complete,Complete,2464153.2632639995,384407.9090691839,821384.421088,1258360.933106816,180,720,720.0
377,Slight,None,None,8213.844210879999,8213.844210879999,0.0,0.0,2,5,0.0
378,Moderate,Moderate,Slight,144563.65811148798,37783.683370048,82138.4421088,24641.532632639995,30,120,60.0
379,Slight,Slight,Slight,49283.06526527999,8213.844210879999,16427.688421759998,24641.532632639995,2,5,0.0
380,Slight,None,None,8213.844210879999,8213.844210879999,0.0,0.0,2,5,0.0
381,None,Slight,None,16427.688421759998,0.0,16427.688421759998,0.0,0,0,0.0
382,None,Moderate,Slight,106779.97474143999,0.0,82138.4421088,24641.532632639995,0,0,0.0
383,None,None,None,0.0,0.0,0.0,0.0,0,0,0.0
384,None,None,None,0.0,0.0,0.0,0.0,0,0,0.0
385,Slight,Moderate,None,90352.28631967999,8213.844210879999,82138.4421088,0.0,2,5,0.0
386,Extensive,Moderate,Moderate,400835.5974909439,192203.95453459196,82138.4421088,126493.200847552,90,360,360.0
387,Complete,Moderate,None,466546.3511779839,384407.9090691839,82138.4421088,0.0,180,720,720.0
388,Complete,Extensive,Slight,819741.6522458239,384407.9090691839,410692.210544,24641.532632639995,180,720,720.0
389,Extensive,Moderate,Slight,298983.9292760319,192203.95453459196,82138.4421088,24641.532632639995,90,360,360.0
390,None,None,None,0.0,0.0,0.0,0.0,0,0,0.0
391,Moderate,None,Moderate,164276.8842176,37783.683370048,0.0,126493.200847552,30,120,60.0
392,Moderate,Slight,Slight,78852.90442444799,37783.683370048,16427.688421759998,24641.532632639995,30,120,60.0
393,Slight,None,None,8213.844210879999,8213.844210879999,0.0,0.0,2,5,0.0
394,None,None,None,0.0,0.0,0.0,0.0,0,0,0.0
395,Moderate,Slight,Moderate,180704.57263935998,37783.683370048,16427.688421759998,126493.200847552,30,120,60.0
396,Complete,Complete,Complete,2464153.2632639995,384407.9090691839,821384.421088,1258360.933106816,180,720,720.0
397,Extensive,Moderate,Slight,298983.9292760319,192203.95453459196,82138.4421088,24641.532632639995,90,360,360.0
398,None,Slight,Slight,41069.2210544,0.0,16427.688421759998,24641.532632639995,0,0,0.0
399,Slight,Moderate,None,90352.28631967999,8213.844210879999,82138.4421088,0.0,2,5,0.0
400,Extensive,Extensive,Slight,627537.6977112319,192203.95453459196,410692.210544,24641.532632639995,90,360,360.0
401,Moderate,None,None,37783.683370048,37783.683370048,0.0,0.0,30,120,60.0
402,Extensive,Extensive,Slight,627537.6977112319,192203.95453459196,410692.210544,24641.532632639995,90,360,360.0
403,Extensive,Slight,Moderate,335124.84380390396,192203.95453459196,16427.688421759998,126493.200847552,90,360,360.0
404,Extensive,Moderate,Slight,298983.9292760319,192203.95453459196,82138.4421088,24641.532632639995,90,360,360.0
405,None,None,None,0.0,0.0,0.0,0.0,0,0,0.0
406,Moderate,None,None,37783.683370048,37783.683370048,0.0,0.0,30,120,60.0
407,Slight,None,None,8213.844210879999,8213.844210879999,0.0,0.0,2,5,0.0
408,None,None,None,0.0,0.0,0.0,0.0,0,0,0.0
409,Complete,Complete,Complete,2464153.2632639995,384407.9090691839,821384.421088,1258360.933106816,180,720,720.0
410,Slight,Slight,None,24641.532632639995,8213.844210879999,16427.688421759998,0.0,2,5,0.0
411,Slight,None,None,8213.844210879999,8213.844210879999,0.0,0.0,2,5,0.0
412,Complete,Complete,Complete,2464153.2632639995,384407.9090691839,821384.421088,1258360.933106816,180,720,720.0
413,Complete,Moderate,Slight,491187.8838106239,384407.9090691839,82138.4421088,24641.532632639995,180,720,720.0
414,Slight,Slight,None,24641.532632639995,8213.844210879999,16427.688421759998,0.0,2,5,0.0
415,Moderate,Moderate,Moderate,246415.32632639998,37783.683370048,82138.4421088,126493.200847552,30,120,60.0
416,Complete,Extensive,Moderate,921593.3204607359,384407.9090691839,410692.210544,126493.200847552,180,720,720.0
417,Complete,Complete,Complete,2464153.2632639995,384407.9090691839,821384.421088,1258360.933106816,180,720,720.0
418,Slight,None,None,8213.844210879999,8213.844210879999,0.0,0.0,2,5,0.0
419,Moderate,Slight,None,54211.37179180799,37783.683370048,16427.688421759998,0.0,30,120,60.0
420,None,None,None,0.0,0.0,0.0,0.0,0,0,0.0
421,Extensive,Moderate,None,274342.3966433919,192203.95453459196,82138.4421088,0.0,90,360,360.0
422,Moderate,Moderate,None,119922.125478848,37783.683370048,82138.4421088,0.0,30,120,60.0
423,None,Slight,Slight,41069.2210544,0.0,16427.688421759998,24641.532632639995,0,0,0.0
424,None,None,None,0.0,0.0,0.0,0.0,0,0,0.0
425,Extensive,Slight,Slight,233273.17558899196,192203.95453459196,16427.688421759998,24641.532632639995,90,360,360.0
426,Slight,Slight,Slight,49283.06526527999,8213.844210879999,16427.688421759998,24641.532632639995,2,5,0.0
427,Extensive,Moderate,None,274342.3966433919,192203.95453459196,82138.4421088,0.0,90,360,360.0
428,Slight,None,None,8213.844210879999,8213.844210879999,0.0,0.0,2,5,0.0
429,Extensive,Moderate,Slight,298983.9292760319,192203.95453459196,82138.4421088,24641.532632639995,90,360,360.0
430,Moderate,Moderate,Slight,144563.65811148798,37783.683370048,82138.4421088,24641.532632639995,30,120,60.0
431,Moderate,Moderate,None,119922.125478848,37783.683370048,82138.4421088,0.0,30,120,60.0
432,None,None,None,0.0,0.0,0.0,0.0,0,0,0.0
433,Moderate,None,None,37783.683370048,37783.683370048,0.0,0.0,30,120,60.0
434,Slight,None,None,8213.844210879999,8213.844210879999,0.0,0.0,2,5,0.0
435,Extensive,Complete,Slight,1038229.9082552319,192203.95453459196,821384.421088,24641.532632639995,90,360,360.0
436,Slight,None,None,8213.844210879999,8213.844210879999,0.0,0.0,2,5,0.0
437,Moderate,Moderate,None,119922.125478848,37783.683370048,82138.4421088,0.0,30,120,60.0
438,Moderate,Slight,None,54211.37179180799,37783.683370048,16427.688421759998,0.0,30,120,60.0
439,Complete,Moderate,None,466546.3511779839,384407.9090691839,82138.4421088,0.0,180,720,720.0
440,Extensive,Slight,Moderate,335124.84380390396,192203.95453459196,16427.688421759998,126493.200847552,90,360,360.0
441,Moderate,Moderate,None,119922.125478848,37783.683370048,82138.4421088,0.0,30,120,60.0
442,Moderate,Moderate,Slight,144563.65811148798,37783.683370048,82138.4421088,24641.532632639995,30,120,60.0
443,None,None,None,0.0,0.0,0.0,0.0,0,0,0.0
444,Moderate,None,None,37783.683370048,37783.683370048,0.0,0.0,30,120,60.0
445,Extensive,Extensive,Extensive,1145009.8829966718,192203.95453459196,410692.210544,542113.7179180799,90,360,360.0
446,Moderate,None,None,37783.683370048,37783.683370048,0.0,0.0,30,120,60.0
447,Extensive,Moderate,Extensive,816456.1145614719,192203.95453459196,82138.4421088,542113.7179180799,90,360,360.0
448,Extensive,Moderate,None,274342.3966433919,192203.95453459196,82138.4421088,0.0,90,360,360.0
449,Moderate,None,None,37783.683370048,37783.683370048,0.0,0.0,30,120,60.0
450,Slight,None,Slight,32855.376843519996,8213.844210879999,0.0,24641.532632639995,2,5,0.0
451,Extensive,Moderate,None,274342.3966433919,192203.95453459196,82138.4421088,0.0,90,360,360.0
452,Moderate,Moderate,None,119922.125478848,37783.683370048,82138.4421088,0.0,30,120,60.0
453,Moderate,Moderate,Slight,144563.65811148798,37783.683370048,82138.4421088,24641.532632639995,30,120,60.0
454,Extensive,Moderate,None,274342.3966433919,192203.95453459196,82138.4421088,0.0,90,360,360.0
455,None,None,None,0.0,0.0,0.0,0.0,0,0,0.0
456,Moderate,Moderate,Slight,144563.65811148798,37783.683370048,82138.4421088,24641.532632639995,30,120,60.0
457,Moderate,Moderate,Slight,144563.65811148798,37783.683370048,82138.4421088,24641.532632639995,30,120,60.0
458,Complete,Extensive,None,795100.1196131839,384407.9090691839,410692.210544,0.0,180,720,720.0
459,Slight,Moderate,None,90352.28631967999,8213.844210879999,82138.4421088,0.0,2,5,0.0
460,Moderate,None,None,37783.683370048,37783.683370048,0.0,0.0,30,120,60.0
461,Moderate,Slight,None,54211.37179180799,37783.683370048,16427.688421759998,0.0,30,120,60.0
462,Extensive,Slight,None,208631.64295635195,192203.95453459196,16427.688421759998,0.0,90,360,360.0
463,None,None,None,0.0,0.0,0.0,0.0,0,0,0.0
464,Extensive,Extensive,Slight,627537.6977112319,192203.95453459196,410692.210544,24641.532632639995,90,360,360.0
465,Moderate,Slight,Moderate,180704.57263935998,37783.683370048,16427.688421759998,126493.200847552,30,120,60.0
466,Moderate,Moderate,Slight,144563.65811148798,37783.683370048,82138.4421088,24641.532632639995,30,120,60.0
467,Slight,Moderate,None,90352.28631967999,8213.844210879999,82138.4421088,0.0,2,5,0.0
468,Moderate,Moderate,None,119922.125478848,37783.683370048,82138.4421088,0.0,30,120,60.0
469,Slight,None,None,8213.844210879999,8213.844210879999,0.0,0.0,2,5,0.0
470,Slight,None,None,8213.844210879999,8213.844210879999,0.0,0.0,2,5,0.0
471,None,None,None,0.0,0.0,0.0,0.0,0,0,0.0
472,Slight,Slight,None,24641.532632639995,8213.844210879999,16427.688421759998,0.0,2,5,0.0
473,Moderate,Slight,None,54211.37179180799,37783.683370048,16427.688421759998,0.0,30,120,60.0
474,Slight,None,None,8213.844210879999,8213.844210879999,0.0,0.0,2,5,0.0
475,None,Slight,None,16427.688421759998,0.0,16427.688421759998,0.0,0,0,0.0
476,Extensive,Moderate,Slight,298983.9292760319,192203.95453459196,82138.4421088,24641.532632639995,90,360,360.0
477,None,None,None,0.0,0.0,0.0,0.0,0,0,0.0
478,Moderate,Moderate,None,119922.125478848,37783.683370048,82138.4421088,0.0,30,120,60.0
479,None,None,None,0.0,0.0,0.0,0.0,0,0,0.0
480,None,None,Moderate,126493.200847552,0.0,0.0,126493.200847552,0,0,0.0
481,Extensive,Moderate,None,274342.3966433919,192203.95453459196,82138.4421088,0.0,90,360,360.0
482,Extensive,Moderate,Moderate,400835.5974909439,192203.95453459196,82138.4421088,126493.200847552,90,360,360.0
483,Moderate,None,Slight,62425.216002687994,37783.683370048,0.0,24641.532632639995,30,120,60.0
484,Extensive,Moderate,None,274342.3966433919,192203.95453459196,82138.4421088,0.0,90,360,360.0
485,Extensive,Complete,Slight,1038229.9082552319,192203.95453459196,821384.421088,24641.532632639995,90,360,360.0
486,Moderate,Moderate,None,119922.125478848,37783.683370048,82138.4421088,0.0,30,120,60.0
487,Moderate,Slight,Slight,78852.90442444799,37783.683370048,16427.688421759998,24641.532632639995,30,120,60.0
488,Complete,Extensive,Slight,819741.6522458239,384407.9090691839,410692.210544,24641.532632639995,180,720,720.0
489,Extensive,Moderate,Moderate,400835.5974909439,192203.95453459196,82138.4421088,126493.200847552,90,360,360.0
490,Moderate,Moderate,None,119922.125478848,37783.683370048,82138.4421088,0.0,30,120,60.0
491,Extensive,Extensive,Slight,627537.6977112319,192203.95453459196,410692.210544,24641.532632639995,90,360,360.0
492,Moderate,Moderate,Slight,144563.65811148798,37783.683370048,82138.4421088,24641.532632639995,30,120,60.0
493,Moderate,Slight,Slight,78852.90442444799,37783.683370048,16427.688421759998,24641.532632639995,30,120,60.0
494,Extensive,Moderate,None,274342.3966433919,192203.95453459196,82138.4421088,0.0,90,360,360.0
495,None,None,None,0.0,0.0,0.0,0.0,0,0,0.0
496,Moderate,Moderate,Extensive,662035.8433969279,37783.683370048,82138.4421088,542113.7179180799,30,120,60.0
497,Extensive,Moderate,Moderate,400835.5974909439,192203.95453459196,82138.4421088,126493.200847552,90,360,360.0
498,Slight,Slight,None,24641.532632639995,8213.844210879999,16427.688421759998,0.0,2,5,0.0
499,Moderate,Slight,Moderate,180704.57263935998,37783.683370048,16427.688421759998,126493.200847552,30,120,60.0
