,DS_Struct,DS_NonStruct_DriftSen,DS_NonStruct_AccelSen,RepairCost_Total,RepairCost_Struct,RepairCost_NonStruct_DriftSen,RepairCost_NonStruct_AccelSen,RepairTime,RecoveryTime,FunctionLossTime
0,Complete,Complete,Complete,7251908.636399999,667175.5945487999,2054707.4469799995,4530025.5948712,240,960,960.0
1,Slight,Moderate,Slight,309414.7684863999,14503.817272799997,207888.04757679996,87022.90363679998,5,10,0.0
2,Slight,Moderate,None,222391.86484959995,14503.817272799997,207888.04757679996,0.0,5,10,0.0
3,Moderate,Moderate,None,275572.52818319993,67684.48060639999,207888.04757679996,0.0,30,120,60.0
4,Moderate,Moderate,Moderate,725190.8636399999,67684.48060639999,207888.04757679996,449618.33545679995,30,120,60.0
5,Moderate,Extensive,Slight,1184478.4106119997,67684.48060639999,1029771.0263687999,87022.90363679998,30,120,60.0
6,Moderate,Extensive,Slight,1184478.4106119997,67684.48060639999,1029771.0263687999,87022.90363679998,30,120,60.0
7,Moderate,Extensive,None,1097455.5069751998,67684.48060639999,1029771.0263687999,0.0,30,120,60.0
8,Moderate,Moderate,None,275572.52818319993,67684.48060639999,207888.04757679996,0.0,30,120,60.0
9,Slight,Slight,Slight,145038.17272799998,14503.817272799997,43511.4518184,87022.90363679998,5,10,0.0
10,Moderate,Complete,Slight,2209414.8312231996,67684.48060639999,2054707.4469799995,87022.90363679998,30,120,60.0
11,Complete,Complete,Complete,7251908.636399999,667175.5945487999,2054707.4469799995,4530025.5948712,240,960,960.0
12,Moderate,Moderate,Moderate,725190.8636399999,67684.48060639999,207888.04757679996,449618.33545679995,30,120,60.0
13,Slight,None,None,14503.817272799997,14503.817272799997,0.0,0.0,5,10,0.0
14,Moderate,Moderate,None,275572.52818319993,67684.48060639999,207888.04757679996,0.0,30,120,60.0
15,Slight,Moderate,None,222391.86484959995,14503.817272799997,207888.04757679996,0.0,5,10,0.0
16,Moderate,Moderate,None,275572.52818319993,67684.48060639999,207888.04757679996,0.0,30,120,60.0
17,None,Slight,None,43511.4518184,0.0,43511.4518184,0.0,0,0,0.0
18,Complete,Complete,Complete,7251908.636399999,667175.5945487999,2054707.4469799995,4530025.5948712,240,960,960.0
19,Moderate,Moderate,None,275572.52818319993,67684.48060639999,207888.04757679996,0.0,30,120,60.0
20,Moderate,Extensive,None,1097455.5069751998,67684.48060639999,1029771.0263687999,0.0,30,120,60.0
21,Extensive,Extensive,Moderate,1812977.1590999998,333587.79727439996,1029771.0263687999,449618.33545679995,120,480,480.0
22,Moderate,Moderate,None,275572.52818319993,67684.48060639999,207888.04757679996,0.0,30,120,60.0
23,None,None,Slight,87022.90363679998,0.0,0.0,87022.90363679998,0,0,0.0
24,Moderate,Extensive,Moderate,1547073.8424319997,67684.48060639999,1029771.0263687999,449618.33545679995,30,120,60.0
25,Moderate,Moderate,None,275572.52818319993,67684.48060639999,207888.04757679996,0.0,30,120,60.0
26,None,Slight,None,43511.4518184,0.0,43511.4518184,0.0,0,0,0.0
27,Moderate,Moderate,None,275572.52818319993,67684.48060639999,207888.04757679996,0.0,30,120,60.0
28,Extensive,Complete,None,2388295.2442543996,333587.79727439996,2054707.4469799995,0.0,120,480,480.0
29,Complete,Complete,Complete,7251908.636399999,667175.5945487999,2054707.4469799995,4530025.5948712,240,960,960.0
30,Slight,None,None,14503.817272799997,14503.817272799997,0.0,0.0,5,10,0.0
31,Slight,Moderate,None,222391.86484959995,14503.817272799997,207888.04757679996,0.0,5,10,0.0
32,Slight,Moderate,Moderate,672010.2003064,14503.817272799997,207888.04757679996,449618.33545679995,5,10,0.0
33,Slight,Moderate,None,222391.86484959995,14503.817272799997,207888.04757679996,0.0,5,10,0.0
34,Moderate,Moderate,Slight,362595.43181999994,67684.48060639999,207888.04757679996,87022.90363679998,30,120,60.0
35,Slight,Slight,None,58015.269091199996,14503.817272799997,43511.4518184,0.0,5,10,0.0
36,Moderate,Moderate,Slight,362595.43181999994,67684.48060639999,207888.04757679996,87022.90363679998,30,120,60.0
37,Extensive,Extensive,None,1363358.8236431999,333587.79727439996,1029771.0263687999,0.0,120,480,480.0
38,Moderate,Moderate,Slight,362595.43181999994,67684.48060639999,207888.04757679996,87022.90363679998,30,120,60.0
39,Moderate,Complete,None,2122391.9275863995,67684.48060639999,2054707.4469799995,0.0,30,120,60.0
40,Moderate,Extensive,None,1097455.5069751998,67684.48060639999,1029771.0263687999,0.0,30,120,60.0
41,Moderate,Moderate,None,275572.52818319993,67684.48060639999,207888.04757679996,0.0,30,120,60.0
42,Slight,Slight,None,58015.269091199996,14503.817272799997,43511.4518184,0.0,5,10,0.0
43,Slight,None,None,14503.817272799997,14503.817272799997,0.0,0.0,5,10,0.0
44,Moderate,Slight,None,111195.93242479998,67684.48060639999,43511.4518184,0.0,30,120,60.0
45,Moderate,Moderate,None,275572.52818319993,67684.48060639999,207888.04757679996,0.0,30,120,60.0
46,None,None,None,0.0,0.0,0.0,0.0,0,0,0.0
47,Complete,Complete,Complete,7251908.636399999,667175.5945487999,2054707.4469799995,4530025.5948712,240,960,960.0
48,Moderate,Slight,Slight,198218.83606159996,67684.48060639999,43511.4518184,87022.90363679998,30,120,60.0
49,Complete,Complete,Complete,7251908.636399999,667175.5945487999,2054707.4469799995,4530025.5948712,240,960,960.0
50,Moderate,Moderate,Moderate,725190.8636399999,67684.48060639999,207888.04757679996,449618.33545679995,30,120,60.0
51,Moderate,Slight,None,111195.93242479998,67684.48060639999,43511.4518184,0.0,30,120,60.0
52,None,Slight,None,43511.4518184,0.0,43511.4518184,0.0,0,0,0.0
53,Moderate,Moderate,Moderate,725190.8636399999,67684.48060639999,207888.04757679996,449618.33545679995,30,120,60.0
54,Slight,None,None,14503.817272799997,14503.817272799997,0.0,0.0,5,10,0.0
55,Slight,Moderate,None,222391.86484959995,14503.817272799997,207888.04757679996,0.0,5,10,0.0
56,None,None,None,0.0,0.0,0.0,0.0,0,0,0.0
57,Extensive,Complete,None,2388295.2442543996,333587.79727439996,2054707.4469799995,0.0,120,480,480.0
58,Moderate,Moderate,None,275572.52818319993,67684.48060639999,207888.04757679996,0.0,30,120,60.0
59,Moderate,Moderate,None,275572.52818319993,67684.48060639999,207888.04757679996,0.0,30,120,60.0
60,Moderate,Moderate,None,275572.52818319993,67684.48060639999,207888.04757679996,0.0,30,120,60.0
61,Slight,Slight,None,58015.269091199996,14503.817272799997,43511.4518184,0.0,5,10,0.0
62,None,None,None,0.0,0.0,0.0,0.0,0,0,0.0
63,Moderate,Complete,Slight,2209414.8312231996,67684.48060639999,2054707.4469799995,87022.90363679998,30,120,60.0
64,Moderate,Moderate,None,275572.52818319993,67684.48060639999,207888.04757679996,0.0,30,120,60.0
65,Slight,Moderate,None,222391.86484959995,14503.817272799997,207888.04757679996,0.0,5,10,0.0
66,Slight,Slight,None,58015.269091199996,14503.817272799997,43511.4518184,0.0,5,10,0.0
67,Moderate,Complete,Slight,2209414.8312231996,67684.48060639999,2054707.4469799995,87022.90363679998,30,120,60.0
68,Moderate,Moderate,None,275572.52818319993,67684.48060639999,207888.04757679996,0.0,30,120,60.0
69,Extensive,Extensive,Moderate,1812977.1590999998,333587.79727439996,1029771.0263687999,449618.33545679995,120,480,480.0
70,None,Moderate,None,207888.04757679996,0.0,207888.04757679996,0.0,0,0,0.0
71,Slight,Slight,None,58015.269091199996,14503.817272799997,43511.4518184,0.0,5,10,0.0
72,None,Slight,None,43511.4518184,0.0,43511.4518184,0.0,0,0,0.0
73,None,None,None,0.0,0.0,0.0,0.0,0,0,0.0
74,Moderate,Moderate,None,275572.52818319993,67684.48060639999,207888.04757679996,0.0,30,120,60.0
75,Slight,Moderate,None,222391.86484959995,14503.817272799997,207888.04757679996,0.0,5,10,0.0
76,Moderate,Extensive,None,1097455.5069751998,67684.48060639999,1029771.0263687999,0.0,30,120,60.0
77,None,None,None,0.0,0.0,0.0,0.0,0,0,0.0
78,Slight,Moderate,Moderate,672010.2003064,14503.817272799997,207888.04757679996,449618.33545679995,5,10,0.0
79,Slight,Slight,Slight,145038.17272799998,14503.817272799997,43511.4518184,87022.90363679998,5,10,0.0
80,None,None,None,0.0,0.0,0.0,0.0,0,0,0.0
81,Moderate,None,None,67684.48060639999,67684.48060639999,0.0,0.0,30,120,60.0
82,Slight,Moderate,None,222391.86484959995,14503.817272799997,207888.04757679996,0.0,5,10,0.0
83,Complete,Complete,Complete,7251908.636399999,667175.5945487999,2054707.4469799995,4530025.5948712,240,960,960.0
84,Extensive,Moderate,Moderate,991094.1803079998,333587.79727439996,207888.04757679996,449618.33545679995,120,480,480.0
85,Moderate,Extensive,None,1097455.5069751998,67684.48060639999,1029771.0263687999,0.0,30,120,60.0
86,Slight,Slight,None,58015.269091199996,14503.817272799997,43511.4518184,0.0,5,10,0.0
87,Complete,Complete,Complete,7251908.636399999,667175.5945487999,2054707.4469799995,4530025.5948712,240,960,960.0
88,Moderate,Moderate,None,275572.52818319993,67684.48060639999,207888.04757679996,0.0,30,120,60.0
89,Slight,Moderate,Slight,309414.7684863999,14503.817272799997,207888.04757679996,87022.90363679998,5,10,0.0
90,Moderate,None,None,67684.48060639999,67684.48060639999,0.0,0.0,30,120,60.0
91,Moderate,Moderate,Moderate,725190.8636399999,67684.48060639999,207888.04757679996,449618.33545679995,30,120,60.0
92,Slight,Moderate,None,222391.86484959995,14503.817272799997,207888.04757679996,0.0,5,10,0.0
93,Slight,Slight,None,58015.269091199996,14503.817272799997,43511.4518184,0.0,5,10,0.0
94,Slight,Slight,None,58015.269091199996,14503.817272799997,43511.4518184,0.0,5,10,0.0
95,None,Slight,None,43511.4518184,0.0,43511.4518184,0.0,0,0,0.0
96,Moderate,Moderate,Moderate,725190.8636399999,67684.48060639999,207888.04757679996,449618.33545679995,30,120,60.0
97,Moderate,Slight,Slight,198218.83606159996,67684.48060639999,43511.4518184,87022.90363679998,30,120,60.0
98,Slight,Slight,None,58015.269091199996,14503.817272799997,43511.4518184,0.0,5,10,0.0
99,Slight,Slight,None,58015.269091199996,14503.817272799997,43511.4518184,0.0,5,10,0.0
100,Moderate,Extensive,None,1097455.5069751998,67684.48060639999,1029771.0263687999,0.0,30,120,60.0
101,Moderate,Moderate,None,275572.52818319993,67684.48060639999,207888.04757679996,0.0,30,120,60.0
102,None,None,None,0.0,0.0,0.0,0.0,0,0,0.0
103,Complete,Complete,Complete,7251908.636399999,667175.5945487999,2054707.4469799995,4530025.5948712,240,960,960.0
104,Moderate,Moderate,Slight,362595.43181999994,67684.48060639999,207888.04757679996,87022.90363679998,30,120,60.0
105,Extensive,Extensive,Slight,1450381.7272799998,333587.79727439996,1029771.0263687999,87022.90363679998,120,480,480.0
106,None,Moderate,None,207888.04757679996,0.0,207888.04757679996,0.0,0,0,0.0
107,Slight,Moderate,None,222391.86484959995,14503.817272799997,207888.04757679996,0.0,5,10,0.0
108,Slight,None,None,14503.817272799997,14503.817272799997,0.0,0.0,5,10,0.0
109,Complete,Complete,Complete,7251908.636399999,667175.5945487999,2054707.4469799995,4530025.5948712,240,960,960.0
110,Moderate,Moderate,None,275572.52818319993,67684.48060639999,207888.04757679996,0.0,30,120,60.0
111,Extensive,Extensive,None,1363358.8236431999,333587.79727439996,1029771.0263687999,0.0,120,480,480.0
112,Moderate,Moderate,None,275572.52818319993,67684.48060639999,207888.04757679996,0.0,30,120,60.0
113,Moderate,Moderate,None,275572.52818319993,67684.48060639999,207888.04757679996,0.0,30,120,60.0
114,Slight,Moderate,None,222391.86484959995,14503.817272799997,207888.04757679996,0.0,5,10,0.0
115,None,Slight,None,43511.4518184,0.0,43511.4518184,0.0,0,0,0.0
116,Moderate,Moderate,None,275572.52818319993,67684.48060639999,207888.04757679996,0.0,30,120,60.0
117,Moderate,Moderate,Slight,362595.43181999994,67684.48060639999,207888.04757679996,87022.90363679998,30,120,60.0
118,Moderate,Moderate,None,275572.52818319993,67684.48060639999,207888.04757679996,0.0,30,120,60.0
119,Moderate,Extensive,None,1097455.5069751998,67684.48060639999,1029771.0263687999,0.0,30,120,60.0
120,Extensive,Extensive,None,1363358.8236431999,333587.79727439996,1029771.0263687999,0.0,120,480,480.0
121,Moderate,Extensive,Slight,1184478.4106119997,67684.48060639999,1029771.0263687999,87022.90363679998,30,120,60.0
122,None,None,None,0.0,0.0,0.0,0.0,0,0,0.0
123,Slight,Moderate,None,222391.86484959995,14503.817272799997,207888.04757679996,0.0,5,10,0.0
124,Moderate,Moderate,None,275572.52818319993,67684.48060639999,207888.04757679996,0.0,30,120,60.0
125,Moderate,Slight,Moderate,560814.2678816,67684.48060639999,43511.4518184,449618.33545679995,30,120,60.0
126,Moderate,Extensive,Moderate,1547073.8424319997,67684.48060639999,1029771.0263687999,449618.33545679995,30,120,60.0
127,None,None,None,0.0,0.0,0.0,0.0,0,0,0.0
128,Moderate,Moderate,None,275572.52818319993,67684.48060639999,207888.04757679996,0.0,30,120,60.0
129,Moderate,Moderate,Slight,362595.43181999994,67684.48060639999,207888.04757679996,87022.90363679998,30,120,60.0
130,Moderate,Moderate,Slight,362595.43181999994,67684.48060639999,207888.04757679996,87022.90363679998,30,120,60.0
131,Complete,Complete,Complete,7251908.636399999,667175.5945487999,2054707.4469799995,4530025.5948712,240,960,960.0
132,Moderate,Moderate,Slight,362595.43181999994,67684.48060639999,207888.04757679996,87022.90363679998,30,120,60.0
133,Moderate,Moderate,None,275572.52818319993,67684.48060639999,207888.04757679996,0.0,30,120,60.0
134,Slight,Moderate,None,222391.86484959995,14503.817272799997,207888.04757679996,0.0,5,10,0.0
135,Moderate,Moderate,Moderate,725190.8636399999,67684.48060639999,207888.04757679996,449618.33545679995,30,120,60.0
136,Slight,Slight,None,58015.269091199996,14503.817272799997,43511.4518184,0.0,5,10,0.0
137,Slight,Moderate,None,222391.86484959995,14503.817272799997,207888.04757679996,0.0,5,10,0.0
138,Extensive,Extensive,None,1363358.8236431999,333587.79727439996,1029771.0263687999,0.0,120,480,480.0
139,Moderate,Extensive,None,1097455.5069751998,67684.48060639999,1029771.0263687999,0.0,30,120,60.0
140,None,None,None,0.0,0.0,0.0,0.0,0,0,0.0
141,Slight,Moderate,None,222391.86484959995,14503.817272799997,207888.04757679996,0.0,5,10,0.0
142,Slight,Moderate,None,222391.86484959995,14503.817272799997,207888.04757679996,0.0,5,10,0.0
143,Slight,Slight,None,58015.269091199996,14503.817272799997,43511.4518184,0.0,5,10,0.0
144,Moderate,Extensive,Slight,1184478.4106119997,67684.48060639999,1029771.0263687999,87022.90363679998,30,120,60.0
145,Slight,Slight,None,58015.269091199996,14503.817272799997,43511.4518184,0.0,5,10,0.0
146,Extensive,Moderate,Slight,628498.7484879999,333587.79727439996,207888.04757679996,87022.90363679998,120,480,480.0
147,Moderate,Slight,None,111195.93242479998,67684.48060639999,43511.4518184,0.0,30,120,60.0
148,Slight,Moderate,None,222391.86484959995,14503.817272799997,207888.04757679996,0.0,5,10,0.0
149,Moderate,Extensive,None,1097455.5069751998,67684.48060639999,1029771.0263687999,0.0,30,120,60.0
150,Moderate,Moderate,Slight,362595.43181999994,67684.48060639999,207888.04757679996,87022.90363679998,30,120,60.0
151,None,None,None,0.0,0.0,0.0,0.0,0,0,0.0
152,None,None,None,0.0,0.0,0.0,0.0,0,0,0.0
153,None,Moderate,None,207888.04757679996,0.0,207888.04757679996,0.0,0,0,0.0
154,Slight,Moderate,None,222391.86484959995,14503.817272799997,207888.04757679996,0.0,5,10,0.0
155,Slight,Slight,None,58015.269091199996,14503.817272799997,43511.4518184,0.0,5,10,0.0
156,Moderate,Moderate,None,275572.52818319993,67684.48060639999,207888.04757679996,0.0,30,120,60.0
157,Complete,Complete,None,2721883.0415287996,667175.5945487999,2054707.4469799995,0.0,240,960,960.0
158,Moderate,Slight,None,111195.93242479998,67684.48060639999,43511.4518184,0.0,30,120,60.0
159,Moderate,Moderate,Slight,362595.43181999994,67684.48060639999,207888.04757679996,87022.90363679998,30,120,60.0
160,Complete,Complete,Complete,7251908.636399999,667175.5945487999,2054707.4469799995,4530025.5948712,240,960,960.0
161,None,None,None,0.0,0.0,0.0,0.0,0,0,0.0
162,Slight,Slight,None,58015.269091199996,14503.817272799997,43511.4518184,0.0,5,10,0.0
163,Moderate,Extensive,None,1097455.5069751998,67684.48060639999,1029771.0263687999,0.0,30,120,60.0
164,Moderate,Moderate,None,275572.52818319993,67684.48060639999,207888.04757679996,0.0,30,120,60.0
165,Moderate,Moderate,Slight,362595.43181999994,67684.48060639999,207888.04757679996,87022.90363679998,30,120,60.0
166,Moderate,Extensive,None,1097455.5069751998,67684.48060639999,1029771.0263687999,0.0,30,120,60.0
167,None,None,None,0.0,0.0,0.0,0.0,0,0,0.0
168,Complete,Complete,Complete,7251908.636399999,667175.5945487999,2054707.4469799995,4530025.5948712,240,960,960.0
169,Moderate,Moderate,None,275572.52818319993,67684.48060639999,207888.04757679996,0.0,30,120,60.0
170,Slight,Slight,None,58015.269091199996,14503.817272799997,43511.4518184,0.0,5,10,0.0
171,Moderate,Moderate,Moderate,725190.8636399999,67684.48060639999,207888.04757679996,449618.33545679995,30,120,60.0
172,Moderate,Slight,None,111195.93242479998,67684.48060639999,43511.4518184,0.0,30,120,60.0
173,Slight,Moderate,None,222391.86484959995,14503.817272799997,207888.04757679996,0.0,5,10,0.0
174,Moderate,Moderate,None,275572.52818319993,67684.48060639999,207888.04757679996,0.0,30,120,60.0
175,Moderate,Moderate,None,275572.52818319993,67684.48060639999,207888.04757679996,0.0,30,120,60.0
176,Extensive,Extensive,None,1363358.8236431999,333587.79727439996,1029771.0263687999,0.0,120,480,480.0
177,Slight,Slight,None,58015.269091199996,14503.817272799997,43511.4518184,0.0,5,10,0.0
178,Complete,Complete,Moderate,3171501.3769855993,667175.5945487999,2054707.4469799995,449618.33545679995,240,960,960.0
179,Extensive,Extensive,None,1363358.8236431999,333587.79727439996,1029771.0263687999,0.0,120,480,480.0
180,Slight,Moderate,None,222391.86484959995,14503.817272799997,207888.04757679996,0.0,5,10,0.0
181,Extensive,Moderate,None,541475.8448511999,333587.79727439996,207888.04757679996,0.0,120,480,480.0
182,None,None,None,0.0,0.0,0.0,0.0,0,0,0.0
183,None,None,None,0.0,0.0,0.0,0.0,0,0,0.0
184,Complete,Complete,Complete,7251908.636399999,667175.5945487999,2054707.4469799995,4530025.5948712,240,960,960.0
185,Slight,Moderate,None,222391.86484959995,14503.817272799997,207888.04757679996,0.0,5,10,0.0
186,None,Moderate,None,207888.04757679996,0.0,207888.04757679996,0.0,0,0,0.0
187,Slight,Slight,None,58015.269091199996,14503.817272799997,43511.4518184,0.0,5,10,0.0
188,Moderate,Moderate,None,275572.52818319993,67684.48060639999,207888.04757679996,0.0,30,120,60.0
189,Moderate,Moderate,None,275572.52818319993,67684.48060639999,207888.04757679996,0.0,30,120,60.0
190,Slight,Moderate,None,222391.86484959995,14503.817272799997,207888.04757679996,0.0,5,10,0.0
191,Moderate,Extensive,Slight,1184478.4106119997,67684.48060639999,1029771.0263687999,87022.90363679998,30,120,60.0
192,Slight,Moderate,None,222391.86484959995,14503.817272799997,207888.04757679996,0.0,5,10,0.0
193,Slight,Moderate,None,222391.86484959995,14503.817272799997,207888.04757679996,0.0,5,10,0.0
194,Moderate,Moderate,None,275572.52818319993,67684.48060639999,207888.04757679996,0.0,30,120,60.0
195,Extensive,Extensive,None,1363358.8236431999,333587.79727439996,1029771.0263687999,0.0,120,480,480.0
196,Slight,None,None,14503.817272799997,14503.817272799997,0.0,0.0,5,10,0.0
197,Moderate,Moderate,Slight,362595.43181999994,67684.48060639999,207888.04757679996,87022.90363679998,30,120,60.0
198,Extensive,Moderate,None,541475.8448511999,333587.79727439996,207888.04757679996,0.0,120,480,480.0
199,Complete,Extensive,Moderate,2146564.9563743994,667175.5945487999,1029771.0263687999,449618.33545679995,240,960,960.0
200,Moderate,Moderate,Slight,362595.43181999994,67684.48060639999,207888.04757679996,87022.90363679998,30,120,60.0
201,None,None,None,0.0,0.0,0.0,0.0,0,0,0.0
202,None,Slight,None,43511.4518184,0.0,43511.4518184,0.0,0,0,0.0
203,None,None,None,0.0,0.0,0.0,0.0,0,0,0.0
204,Extensive,Extensive,Moderate,1812977.1590999998,333587.79727439996,1029771.0263687999,449618.33545679995,120,480,480.0
205,Moderate,Moderate,Slight,362595.43181999994,67684.48060639999,207888.04757679996,87022.90363679998,30,120,60.0
206,Slight,Slight,None,58015.269091199996,14503.817272799997,43511.4518184,0.0,5,10,0.0
207,Slight,Slight,None,58015.269091199996,14503.817272799997,43511.4518184,0.0,5,10,0.0
208,Slight,None,None,14503.817272799997,14503.817272799997,0.0,0.0,5,10,0.0
209,Extensive,Extensive,None,1363358.8236431999,333587.79727439996,1029771.0263687999,0.0,120,480,480.0
210,Moderate,Extensive,Moderate,1547073.8424319997,67684.48060639999,1029771.0263687999,449618.33545679995,30,120,60.0
211,Moderate,Extensive,None,1097455.5069751998,67684.48060639999,1029771.0263687999,0.0,30,120,60.0
212,Slight,Slight,None,58015.269091199996,14503.817272799997,43511.4518184,0.0,5,10,0.0
213,Moderate,Moderate,None,275572.52818319993,67684.48060639999,207888.04757679996,0.0,30,120,60.0
214,Moderate,Moderate,Extensive,2117557.3218288,67684.48060639999,207888.04757679996,1841984.7936455999,30,120,60.0
215,Extensive,Complete,None,2388295.2442543996,333587.79727439996,2054707.4469799995,0.0,120,480,480.0
216,Moderate,Slight,None,111195.93242479998,67684.48060639999,43511.4518184,0.0,30,120,60.0
217,Slight,None,None,14503.817272799997,14503.817272799997,0.0,0.0,5,10,0.0
218,Slight,Slight,None,58015.269091199996,14503.817272799997,43511.4518184,0.0,5,10,0.0
219,Slight,Slight,None,58015.269091199996,14503.817272799997,43511.4518184,0.0,5,10,0.0
220,Slight,Moderate,None,222391.86484959995,14503.817272799997,207888.04757679996,0.0,5,10,0.0
221,Moderate,Moderate,Slight,362595.43181999994,67684.48060639999,207888.04757679996,87022.90363679998,30,120,60.0
222,Slight,Moderate,Slight,309414.7684863999,14503.817272799997,207888.04757679996,87022.90363679998,5,10,0.0
223,None,None,None,0.0,0.0,0.0,0.0,0,0,0.0
224,Slight,None,None,14503.817272799997,14503.817272799997,0.0,0.0,5,10,0.0
225,Slight,Slight,None,58015.269091199996,14503.817272799997,43511.4518184,0.0,5,10,0.0
226,Complete,Complete,Complete,7251908.636399999,667175.5945487999,2054707.4469799995,4530025.5948712,240,960,960.0
227,Moderate,Moderate,None,275572.52818319993,67684.48060639999,207888.04757679996,0.0,30,120,60.0
228,Extensive,Moderate,Moderate,991094.1803079998,333587.79727439996,207888.04757679996,449618.33545679995,120,480,480.0
229,Extensive,Extensive,Slight,1450381.7272799998,333587.79727439996,1029771.0263687999,87022.90363679998,120,480,480.0
230,None,None,None,0.0,0.0,0.0,0.0,0,0,0.0
231,Slight,Slight,None,58015.269091199996,14503.817272799997,43511.4518184,0.0,5,10,0.0
232,Moderate,Moderate,None,275572.52818319993,67684.48060639999,207888.04757679996,0.0,30,120,60.0
233,Slight,Slight,None,58015.269091199996,14503.817272799997,43511.4518184,0.0,5,10,0.0
234,Moderate,Moderate,None,275572.52818319993,67684.48060639999,207888.04757679996,0.0,30,120,60.0
235,Extensive,Extensive,Slight,1450381.7272799998,333587.79727439996,1029771.0263687999,87022.90363679998,120,480,480.0
236,Moderate,Moderate,None,275572.52818319993,67684.48060639999,207888.04757679996,0.0,30,120,60.0
237,Slight,Slight,None,58015.269091199996,14503.817272799997,43511.4518184,0.0,5,10,0.0
238,Extensive,Extensive,Slight,1450381.7272799998,333587.79727439996,1029771.0263687999,87022.90363679998,120,480,480.0
239,Moderate,Moderate,None,275572.52818319993,67684.48060639999,207888.04757679996,0.0,30,120,60.0
240,Moderate,Extensive,Slight,1184478.4106119997,67684.48060639999,1029771.0263687999,87022.90363679998,30,120,60.0
241,Slight,Moderate,None,222391.86484959995,14503.817272799997,207888.04757679996,0.0,5,10,0.0
242,Moderate,Moderate,None,275572.52818319993,67684.48060639999,207888.04757679996,0.0,30,120,60.0
243,Slight,Slight,None,58015.269091199996,14503.817272799997,43511.4518184,0.0,5,10,0.0
244,Complete,Complete,Complete,7251908.636399999,667175.5945487999,2054707.4469799995,4530025.5948712,240,960,960.0
245,Moderate,Moderate,None,275572.52818319993,67684.48060639999,207888.04757679996,0.0,30,120,60.0
246,Moderate,Moderate,None,275572.52818319993,67684.48060639999,207888.04757679996,0.0,30,120,60.0
247,Moderate,Moderate,None,275572.52818319993,67684.48060639999,207888.04757679996,0.0,30,120,60.0
248,Moderate,Slight,None,111195.93242479998,67684.48060639999,43511.4518184,0.0,30,120,60.0
249,Moderate,Moderate,None,275572.52818319993,67684.48060639999,207888.04757679996,0.0,30,120,60.0
250,Slight,Moderate,None,222391.86484959995,14503.817272799997,207888.04757679996,0.0,5,10,0.0
251,Moderate,Moderate,None,275572.52818319993,67684.48060639999,207888.04757679996,0.0,30,120,60.0
252,Slight,Moderate,None,222391.86484959995,14503.817272799997,207888.04757679996,0.0,5,10,0.0
253,Moderate,Moderate,None,275572.52818319993,67684.48060639999,207888.04757679996,0.0,30,120,60.0
254,Moderate,Slight,None,111195.93242479998,67684.48060639999,43511.4518184,0.0,30,120,60.0
255,Slight,Slight,None,58015.269091199996,14503.817272799997,43511.4518184,0.0,5,10,0.0
256,Slight,Moderate,None,222391.86484959995,14503.817272799997,207888.04757679996,0.0,5,10,0.0
257,Extensive,Extensive,Slight,1450381.7272799998,333587.79727439996,1029771.0263687999,87022.90363679998,120,480,480.0
258,Slight,Moderate,None,222391.86484959995,14503.817272799997,207888.04757679996,0.0,5,10,0.0
259,Moderate,Moderate,Slight,362595.43181999994,67684.48060639999,207888.04757679996,87022.90363679998,30,120,60.0
260,Extensive,Extensive,Moderate,1812977.1590999998,333587.79727439996,1029771.0263687999,449618.33545679995,120,480,480.0
261,None,Moderate,None,207888.04757679996,0.0,207888.04757679996,0.0,0,0,0.0
262,Extensive,Extensive,Moderate,1812977.1590999998,333587.79727439996,1029771.0263687999,449618.33545679995,120,480,480.0
263,Complete,Complete,Complete,7251908.636399999,667175.5945487999,2054707.4469799995,4530025.5948712,240,960,960.0
264,None,None,None,0.0,0.0,0.0,0.0,0,0,0.0
265,Slight,None,None,14503.817272799997,14503.817272799997,0.0,0.0,5,10,0.0
266,Slight,None,None,14503.817272799997,14503.817272799997,0.0,0.0,5,10,0.0
267,Moderate,Moderate,None,275572.52818319993,67684.48060639999,207888.04757679996,0.0,30,120,60.0
268,Slight,None,None,14503.817272799997,14503.817272799997,0.0,0.0,5,10,0.0
269,Slight,Moderate,None,222391.86484959995,14503.817272799997,207888.04757679996,0.0,5,10,0.0
270,None,None,None,0.0,0.0,0.0,0.0,0,0,0.0
271,Moderate,Complete,Slight,2209414.8312231996,67684.48060639999,2054707.4469799995,87022.90363679998,30,120,60.0
272,Slight,Slight,None,58015.269091199996,14503.817272799997,43511.4518184,0.0,5,10,0.0
273,Moderate,Moderate,None,275572.52818319993,67684.48060639999,207888.04757679996,0.0,30,120,60.0
274,Moderate,None,None,67684.48060639999,67684.48060639999,0.0,0.0,30,120,60.0
275,Extensive,Extensive,Slight,1450381.7272799998,333587.79727439996,1029771.0263687999,87022.90363679998,120,480,480.0
276,Moderate,Extensive,Slight,1184478.4106119997,67684.48060639999,1029771.0263687999,87022.90363679998,30,120,60.0
277,Slight,Moderate,None,222391.86484959995,14503.817272799997,207888.04757679996,0.0,5,10,0.0
278,Moderate,Moderate,None,275572.52818319993,67684.48060639999,207888.04757679996,0.0,30,120,60.0
279,Moderate,Extensive,None,1097455.5069751998,67684.48060639999,1029771.0263687999,0.0,30,120,60.0
280,Slight,Slight,None,58015.269091199996,14503.817272799997,43511.4518184,0.0,5,10,0.0
281,Moderate,Slight,None,111195.93242479998,67684.48060639999,43511.4518184,0.0,30,120,60.0
282,Slight,Slight,None,58015.269091199996,14503.817272799997,43511.4518184,0.0,5,10,0.0
283,Moderate,Moderate,None,275572.52818319993,67684.48060639999,207888.04757679996,0.0,30,120,60.0
284,Moderate,Moderate,None,275572.52818319993,67684.48060639999,207888.04757679996,0.0,30,120,60.0
285,Moderate,Moderate,None,275572.52818319993,67684.48060639999,207888.04757679996,0.0,30,120,60.0
286,Moderate,Moderate,None,275572.52818319993,67684.48060639999,207888.04757679996,0.0,30,120,60.0
287,Slight,Moderate,None,222391.86484959995,14503.817272799997,207888.04757679996,0.0,5,10,0.0
288,Slight,Slight,None,58015.269091199996,14503.817272799997,43511.4518184,0.0,5,10,0.0
289,Moderate,Moderate,None,275572.52818319993,67684.48060639999,207888.04757679996,0.0,30,120,60.0
290,Extensive,Extensive,Moderate,1812977.1590999998,333587.79727439996,1029771.0263687999,449618.33545679995,120,480,480.0
291,Slight,Moderate,None,222391.86484959995,14503.817272799997,207888.04757679996,0.0,5,10,0.0
292,Slight,Moderate,None,222391.86484959995,14503.817272799997,207888.04757679996,0.0,5,10,0.0
293,Extensive,Extensive,Slight,1450381.7272799998,333587.79727439996,1029771.0263687999,87022.90363679998,120,480,480.0
294,Extensive,Moderate,None,541475.8448511999,333587.79727439996,207888.04757679996,0.0,120,480,480.0
295,None,None,None,0.0,0.0,0.0,0.0,0,0,0.0
296,Moderate,Moderate,None,275572.52818319993,67684.48060639999,207888.04757679996,0.0,30,120,60.0
297,Moderate,Moderate,Moderate,725190.8636399999,67684.48060639999,207888.04757679996,449618.33545679995,30,120,60.0
298,Moderate,Slight,None,111195.93242479998,67684.48060639999,43511.4518184,0.0,30,120,60.0
299,Slight,Slight,None,58015.269091199996,14503.817272799997,43511.4518184,0.0,5,10,0.0
300,Slight,None,None,14503.817272799997,14503.817272799997,0.0,0.0,5,10,0.0
301,None,None,None,0.0,0.0,0.0,0.0,0,0,0.0
302,Moderate,Moderate,None,275572.52818319993,67684.48060639999,207888.04757679996,0.0,30,120,60.0
303,Moderate,Slight,None,111195.93242479998,67684.48060639999,43511.4518184,0.0,30,120,60.0
304,Slight,Moderate,None,222391.86484959995,14503.817272799997,207888.04757679996,0.0,5,10,0.0
305,Moderate,Extensive,Slight,1184478.4106119997,67684.48060639999,1029771.0263687999,87022.90363679998,30,120,60.0
306,Slight,None,None,14503.817272799997,14503.817272799997,0.0,0.0,5,10,0.0
307,Slight,Moderate,None,222391.86484959995,14503.817272799997,207888.04757679996,0.0,5,10,0.0
308,Slight,None,None,14503.817272799997,14503.817272799997,0.0,0.0,5,10,0.0
309,None,Slight,None,43511.4518184,0.0,43511.4518184,0.0,0,0,0.0
310,Moderate,Extensive,None,1097455.5069751998,67684.48060639999,1029771.0263687999,0.0,30,120,60.0
311,Slight,Moderate,Slight,309414.7684863999,14503.817272799997,207888.04757679996,87022.90363679998,5,10,0.0
312,Slight,Moderate,None,222391.86484959995,14503.817272799997,207888.04757679996,0.0,5,10,0.0
313,Complete,Complete,Complete,7251908.636399999,667175.5945487999,2054707.4469799995,4530025.5948712,240,960,960.0
314,Complete,Extensive,Moderate,2146564.9563743994,667175.5945487999,1029771.0263687999,449618.33545679995,240,960,960.0
315,Moderate,Complete,Slight,2209414.8312231996,67684.48060639999,2054707.4469799995,87022.90363679998,30,120,60.0
316,Slight,Slight,None,58015.269091199996,14503.817272799997,43511.4518184,0.0,5,10,0.0
317,Extensive,Moderate,Moderate,991094.1803079998,333587.79727439996,207888.04757679996,449618.33545679995,120,480,480.0
318,Slight,Moderate,None,222391.86484959995,14503.817272799997,207888.04757679996,0.0,5,10,0.0
319,Extensive,Extensive,None,1363358.8236431999,333587.79727439996,1029771.0263687999,0.0,120,480,480.0
320,Moderate,Extensive,None,1097455.5069751998,67684.48060639999,1029771.0263687999,0.0,30,120,60.0
321,Slight,None,None,14503.817272799997,14503.817272799997,0.0,0.0,5,10,0.0
322,Slight,None,Moderate,464122.15272959997,14503.817272799997,0.0,449618.33545679995,5,10,0.0
323,Moderate,Moderate,None,275572.52818319993,67684.48060639999,207888.04757679996,0.0,30,120,60.0
324,Slight,Moderate,None,222391.86484959995,14503.817272799997,207888.04757679996,0.0,5,10,0.0
325,Moderate,Moderate,Slight,362595.43181999994,67684.48060639999,207888.04757679996,87022.90363679998,30,120,60.0
326,Extensive,Complete,Moderate,2837913.5797111997,333587.79727439996,2054707.4469799995,449618.33545679995,120,480,480.0
327,Moderate,Extensive,None,1097455.5069751998,67684.48060639999,1029771.0263687999,0.0,30,120,60.0
328,Extensive,Extensive,Moderate,1812977.1590999998,333587.79727439996,1029771.0263687999,449618.33545679995,120,480,480.0
329,Moderate,Moderate,None,275572.52818319993,67684.48060639999,207888.04757679996,0.0,30,120,60.0
330,Moderate,Slight,None,111195.93242479998,67684.48060639999,43511.4518184,0.0,30,120,60.0
331,Extensive,Extensive,None,1363358.8236431999,333587.79727439996,1029771.0263687999,0.0,120,480,480.0
332,Extensive,Moderate,Slight,628498.7484879999,333587.79727439996,207888.04757679996,87022.90363679998,120,480,480.0
333,Moderate,Moderate,None,275572.52818319993,67684.48060639999,207888.04757679996,0.0,30,120,60.0
334,Moderate,Moderate,Slight,362595.43181999994,67684.48060639999,207888.04757679996,87022.90363679998,30,120,60.0
335,Slight,Slight,None,58015.269091199996,14503.817272799997,43511.4518184,0.0,5,10,0.0
336,None,None,None,0.0,0.0,0.0,0.0,0,0,0.0
337,Moderate,Moderate,None,275572.52818319993,67684.48060639999,207888.04757679996,0.0,30,120,60.0
338,Moderate,Slight,None,111195.93242479998,67684.48060639999,43511.4518184,0.0,30,120,60.0
339,Moderate,Extensive,Slight,1184478.4106119997,67684.48060639999,1029771.0263687999,87022.90363679998,30,120,60.0
340,Slight,Slight,None,58015.269091199996,14503.817272799997,43511.4518184,0.0,5,10,0.0
341,Slight,Moderate,None,222391.86484959995,14503.817272799997,207888.04757679996,0.0,5,10,0.0
342,Slight,Moderate,None,222391.86484959995,14503.817272799997,207888.04757679996,0.0,5,10,0.0
343,Extensive,Moderate,None,541475.8448511999,333587.79727439996,207888.04757679996,0.0,120,480,480.0
344,Moderate,Extensive,Slight,1184478.4106119997,67684.48060639999,1029771.0263687999,87022.90363679998,30,120,60.0
345,Slight,None,None,14503.817272799997,14503.817272799997,0.0,0.0,5,10,0.0
346,Extensive,Moderate,Moderate,991094.1803079998,333587.79727439996,207888.04757679996,449618.33545679995,120,480,480.0
347,Slight,None,None,14503.817272799997,14503.817272799997,0.0,0.0,5,10,0.0
348,Slight,Slight,None,58015.269091199996,14503.817272799997,43511.4518184,0.0,5,10,0.0
349,Moderate,Extensive,Slight,1184478.4106119997,67684.48060639999,1029771.0263687999,87022.90363679998,30,120,60.0
350,Moderate,Moderate,None,275572.52818319993,67684.48060639999,207888.04757679996,0.0,30,120,60.0
351,Slight,Moderate,None,222391.86484959995,14503.817272799997,207888.04757679996,0.0,5,10,0.0
352,Slight,Moderate,None,222391.86484959995,14503.817272799997,207888.04757679996,0.0,5,10,0.0
353,Moderate,Moderate,None,275572.52818319993,67684.48060639999,207888.04757679996,0.0,30,120,60.0
354,Slight,Moderate,None,222391.86484959995,14503.817272799997,207888.04757679996,0.0,5,10,0.0
355,Extensive,Moderate,Moderate,991094.1803079998,333587.79727439996,207888.04757679996,449618.33545679995,120,480,480.0
356,Slight,Slight,None,58015.269091199996,14503.817272799997,43511.4518184,0.0,5,10,0.0
357,Complete,Complete,Complete,7251908.636399999,667175.5945487999,2054707.4469799995,4530025.5948712,240,960,960.0
358,Slight,Slight,None,58015.269091199996,14503.817272799997,43511.4518184,0.0,5,10,0.0
359,Moderate,Extensive,None,1097455.5069751998,67684.48060639999,1029771.0263687999,0.0,30,120,60.0
360,Slight,Slight,None,58015.269091199996,14503.817272799997,43511.4518184,0.0,5,10,0.0
361,Extensive,Extensive,None,1363358.8236431999,333587.79727439996,1029771.0263687999,0.0,120,480,480.0
362,None,None,None,0.0,0.0,0.0,0.0,0,0,0.0
363,Slight,Slight,None,58015.269091199996,14503.817272799997,43511.4518184,0.0,5,10,0.0
364,Moderate,Slight,None,111195.93242479998,67684.48060639999,43511.4518184,0.0,30,120,60.0
365,Slight,Moderate,None,222391.86484959995,14503.817272799997,207888.04757679996,0.0,5,10,0.0
366,Moderate,Extensive,Slight,1184478.4106119997,67684.48060639999,1029771.0263687999,87022.90363679998,30,120,60.0
367,Slight,Moderate,None,222391.86484959995,14503.817272799997,207888.04757679996,0.0,5,10,0.0
368,Extensive,Complete,Slight,2475318.1478911997,333587.79727439996,2054707.4469799995,87022.90363679998,120,480,480.0
369,Moderate,Moderate,None,275572.52818319993,67684.48060639999,207888.04757679996,0.0,30,120,60.0
370,Moderate,Moderate,None,275572.52818319993,67684.48060639999,207888.04757679996,0.0,30,120,60.0
371,Complete,Complete,Slight,2808905.9451655997,667175.5945487999,2054707.4469799995,87022.90363679998,240,960,960.0
372,Slight,Moderate,None,222391.86484959995,14503.817272799997,207888.04757679996,0.0,5,10,0.0
373,Slight,Slight,None,58015.269091199996,14503.817272799997,43511.4518184,0.0,5,10,0.0
374,Slight,Slight,None,58015.269091199996,14503.817272799997,43511.4518184,0.0,5,10,0.0
375,Moderate,Extensive,None,1097455.5069751998,67684.48060639999,1029771.0263687999,0.0,30,120,60.0
376,None,None,None,0.0,0.0,0.0,0.0,0,0,0.0
377,Slight,None,None,14503.817272799997,14503.817272799997,0.0,0.0,5,10,0.0
378,Slight,Moderate,None,222391.86484959995,14503.817272799997,207888.04757679996,0.0,5,10,0.0
379,Slight,Slight,None,58015.269091199996,14503.817272799997,43511.4518184,0.0,5,10,0.0
380,Slight,Slight,None,58015.269091199996,14503.817272799997,43511.4518184,0.0,5,10,0.0
381,Slight,Moderate,None,222391.86484959995,14503.817272799997,207888.04757679996,0.0,5,10,0.0
382,Slight,Slight,None,58015.269091199996,14503.817272799997,43511.4518184,0.0,5,10,0.0
383,Slight,Slight,None,58015.269091199996,14503.817272799997,43511.4518184,0.0,5,10,0.0
384,None,Slight,None,43511.4518184,0.0,43511.4518184,0.0,0,0,0.0
385,Moderate,Extensive,None,1097455.5069751998,67684.48060639999,1029771.0263687999,0.0,30,120,60.0
386,Extensive,Extensive,Moderate,1812977.1590999998,333587.79727439996,1029771.0263687999,449618.33545679995,120,480,480.0
387,Slight,Moderate,None,222391.86484959995,14503.817272799997,207888.04757679996,0.0,5,10,0.0
388,Complete,Moderate,Extensive,2717048.4357712,667175.5945487999,207888.04757679996,1841984.7936455999,240,960,960.0
389,Extensive,Extensive,None,1363358.8236431999,333587.79727439996,1029771.0263687999,0.0,120,480,480.0
390,None,None,None,0.0,0.0,0.0,0.0,0,0,0.0
391,Moderate,Moderate,Slight,362595.43181999994,67684.48060639999,207888.04757679996,87022.90363679998,30,120,60.0
392,Slight,Moderate,None,222391.86484959995,14503.817272799997,207888.04757679996,0.0,5,10,0.0
393,Slight,Slight,None,58015.269091199996,14503.817272799997,43511.4518184,0.0,5,10,0.0
394,Moderate,Moderate,Slight,362595.43181999994,67684.48060639999,207888.04757679996,87022.90363679998,30,120,60.0
395,Moderate,Slight,None,111195.93242479998,67684.48060639999,43511.4518184,0.0,30,120,60.0
396,Moderate,Moderate,Slight,362595.43181999994,67684.48060639999,207888.04757679996,87022.90363679998,30,120,60.0
397,Moderate,Extensive,Slight,1184478.4106119997,67684.48060639999,1029771.0263687999,87022.90363679998,30,120,60.0
398,Moderate,Moderate,None,275572.52818319993,67684.48060639999,207888.04757679996,0.0,30,120,60.0
399,Slight,Moderate,None,222391.86484959995,14503.817272799997,207888.04757679996,0.0,5,10,0.0
400,Extensive,Extensive,Moderate,1812977.1590999998,333587.79727439996,1029771.0263687999,449618.33545679995,120,480,480.0
401,Slight,Moderate,None,222391.86484959995,14503.817272799997,207888.04757679996,0.0,5,10,0.0
402,Moderate,Moderate,None,275572.52818319993,67684.48060639999,207888.04757679996,0.0,30,120,60.0
403,Moderate,Moderate,None,275572.52818319993,67684.48060639999,207888.04757679996,0.0,30,120,60.0
404,Moderate,Extensive,Slight,1184478.4106119997,67684.48060639999,1029771.0263687999,87022.90363679998,30,120,60.0
405,Slight,Slight,None,58015.269091199996,14503.817272799997,43511.4518184,0.0,5,10,0.0
406,Slight,Moderate,None,222391.86484959995,14503.817272799997,207888.04757679996,0.0,5,10,0.0
407,Slight,Slight,Slight,145038.17272799998,14503.817272799997,43511.4518184,87022.90363679998,5,10,0.0
408,None,None,None,0.0,0.0,0.0,0.0,0,0,0.0
409,Moderate,Moderate,None,275572.52818319993,67684.48060639999,207888.04757679996,0.0,30,120,60.0
410,Moderate,Moderate,Slight,362595.43181999994,67684.48060639999,207888.04757679996,87022.90363679998,30,120,60.0
411,None,Moderate,None,207888.04757679996,0.0,207888.04757679996,0.0,0,0,0.0
412,Slight,None,None,14503.817272799997,14503.817272799997,0.0,0.0,5,10,0.0
413,Moderate,Extensive,Slight,1184478.4106119997,67684.48060639999,1029771.0263687999,87022.90363679998,30,120,60.0
414,Moderate,Moderate,None,275572.52818319993,67684.48060639999,207888.04757679996,0.0,30,120,60.0
415,Slight,Extensive,None,1044274.8436415999,14503.817272799997,1029771.0263687999,0.0,5,10,0.0
416,Moderate,Moderate,None,275572.52818319993,67684.48060639999,207888.04757679996,0.0,30,120,60.0
417,Complete,Complete,Complete,7251908.636399999,667175.5945487999,2054707.4469799995,4530025.5948712,240,960,960.0
418,Moderate,Moderate,None,275572.52818319993,67684.48060639999,207888.04757679996,0.0,30,120,60.0
419,Moderate,Moderate,Moderate,725190.8636399999,67684.48060639999,207888.04757679996,449618.33545679995,30,120,60.0
420,Slight,Moderate,Moderate,672010.2003064,14503.817272799997,207888.04757679996,449618.33545679995,5,10,0.0
421,Moderate,Moderate,Slight,362595.43181999994,67684.48060639999,207888.04757679996,87022.90363679998,30,120,60.0
422,Slight,Slight,None,58015.269091199996,14503.817272799997,43511.4518184,0.0,5,10,0.0
423,Complete,Complete,Complete,7251908.636399999,667175.5945487999,2054707.4469799995,4530025.5948712,240,960,960.0
424,Moderate,Moderate,None,275572.52818319993,67684.48060639999,207888.04757679996,0.0,30,120,60.0
425,Moderate,Moderate,None,275572.52818319993,67684.48060639999,207888.04757679996,0.0,30,120,60.0
426,Slight,Moderate,None,222391.86484959995,14503.817272799997,207888.04757679996,0.0,5,10,0.0
427,Moderate,Slight,None,111195.93242479998,67684.48060639999,43511.4518184,0.0,30,120,60.0
428,Slight,Moderate,None,222391.86484959995,14503.817272799997,207888.04757679996,0.0,5,10,0.0
429,Moderate,Extensive,Slight,1184478.4106119997,67684.48060639999,1029771.0263687999,87022.90363679998,30,120,60.0
430,Slight,Moderate,None,222391.86484959995,14503.817272799997,207888.04757679996,0.0,5,10,0.0
431,Complete,Extensive,Moderate,2146564.9563743994,667175.5945487999,1029771.0263687999,449618.33545679995,240,960,960.0
432,Slight,Slight,None,58015.269091199996,14503.817272799997,43511.4518184,0.0,5,10,0.0
433,Slight,Moderate,None,222391.86484959995,14503.817272799997,207888.04757679996,0.0,5,10,0.0
434,Slight,Moderate,None,222391.86484959995,14503.817272799997,207888.04757679996,0.0,5,10,0.0
435,Moderate,Moderate,Slight,362595.43181999994,67684.48060639999,207888.04757679996,87022.90363679998,30,120,60.0
436,Slight,Slight,None,58015.269091199996,14503.817272799997,43511.4518184,0.0,5,10,0.0
437,Moderate,Moderate,None,275572.52818319993,67684.48060639999,207888.04757679996,0.0,30,120,60.0
438,Slight,Moderate,None,222391.86484959995,14503.817272799997,207888.04757679996,0.0,5,10,0.0
439,Moderate,Moderate,None,275572.52818319993,67684.48060639999,207888.04757679996,0.0,30,120,60.0
440,Extensive,Extensive,Moderate,1812977.1590999998,333587.79727439996,1029771.0263687999,449618.33545679995,120,480,480.0
441,Moderate,Extensive,None,1097455.5069751998,67684.48060639999,1029771.0263687999,0.0,30,120,60.0
442,Moderate,Moderate,None,275572.52818319993,67684.48060639999,207888.04757679996,0.0,30,120,60.0
443,Slight,Moderate,None,222391.86484959995,14503.817272799997,207888.04757679996,0.0,5,10,0.0
444,Slight,Moderate,None,222391.86484959995,14503.817272799997,207888.04757679996,0.0,5,10,0.0
445,Moderate,Moderate,Slight,362595.43181999994,67684.48060639999,207888.04757679996,87022.90363679998,30,120,60.0
446,Moderate,Extensive,None,1097455.5069751998,67684.48060639999,1029771.0263687999,0.0,30,120,60.0
447,Extensive,Extensive,Moderate,1812977.1590999998,333587.79727439996,1029771.0263687999,449618.33545679995,120,480,480.0
448,Extensive,Moderate,Moderate,991094.1803079998,333587.79727439996,207888.04757679996,449618.33545679995,120,480,480.0
449,Extensive,Extensive,Moderate,1812977.1590999998,333587.79727439996,1029771.0263687999,449618.33545679995,120,480,480.0
450,Slight,Moderate,None,222391.86484959995,14503.817272799997,207888.04757679996,0.0,5,10,0.0
451,Slight,None,None,14503.817272799997,14503.817272799997,0.0,0.0,5,10,0.0
452,Moderate,Moderate,None,275572.52818319993,67684.48060639999,207888.04757679996,0.0,30,120,60.0
453,Slight,Moderate,None,222391.86484959995,14503.817272799997,207888.04757679996,0.0,5,10,0.0
454,Complete,Complete,Complete,7251908.636399999,667175.5945487999,2054707.4469799995,4530025.5948712,240,960,960.0
455,Slight,Slight,None,58015.269091199996,14503.817272799997,43511.4518184,0.0,5,10,0.0
456,Moderate,Moderate,None,275572.52818319993,67684.48060639999,207888.04757679996,0.0,30,120,60.0
457,Moderate,Slight,None,111195.93242479998,67684.48060639999,43511.4518184,0.0,30,120,60.0
458,Extensive,Moderate,Moderate,991094.1803079998,333587.79727439996,207888.04757679996,449618.33545679995,120,480,480.0
459,Moderate,Slight,None,111195.93242479998,67684.48060639999,43511.4518184,0.0,30,120,60.0
460,Moderate,Moderate,None,275572.52818319993,67684.48060639999,207888.04757679996,0.0,30,120,60.0
461,Moderate,Moderate,None,275572.52818319993,67684.48060639999,207888.04757679996,0.0,30,120,60.0
462,Moderate,Moderate,None,275572.52818319993,67684.48060639999,207888.04757679996,0.0,30,120,60.0
463,Slight,Slight,None,58015.269091199996,14503.817272799997,43511.4518184,0.0,5,10,0.0
464,Moderate,Moderate,None,275572.52818319993,67684.48060639999,207888.04757679996,0.0,30,120,60.0
465,Moderate,Extensive,None,1097455.5069751998,67684.48060639999,1029771.0263687999,0.0,30,120,60.0
466,Moderate,Slight,None,111195.93242479998,67684.48060639999,43511.4518184,0.0,30,120,60.0
467,Moderate,Moderate,None,275572.52818319993,67684.48060639999,207888.04757679996,0.0,30,120,60.0
468,Moderate,Moderate,Slight,362595.43181999994,67684.48060639999,207888.04757679996,87022.90363679998,30,120,60.0
469,Slight,Slight,None,58015.269091199996,14503.817272799997,43511.4518184,0.0,5,10,0.0
470,None,Slight,None,43511.4518184,0.0,43511.4518184,0.0,0,0,0.0
471,Moderate,Moderate,None,275572.52818319993,67684.48060639999,207888.04757679996,0.0,30,120,60.0
472,Moderate,Slight,None,111195.93242479998,67684.48060639999,43511.4518184,0.0,30,120,60.0
473,Moderate,Extensive,None,1097455.5069751998,67684.48060639999,1029771.0263687999,0.0,30,120,60.0
474,None,Slight,None,43511.4518184,0.0,43511.4518184,0.0,0,0,0.0
475,Moderate,None,None,67684.48060639999,67684.48060639999,0.0,0.0,30,120,60.0
476,Slight,None,None,14503.817272799997,14503.817272799997,0.0,0.0,5,10,0.0
477,Moderate,Slight,None,111195.93242479998,67684.48060639999,43511.4518184,0.0,30,120,60.0
478,Moderate,None,None,67684.48060639999,67684.48060639999,0.0,0.0,30,120,60.0
479,None,Slight,None,43511.4518184,0.0,43511.4518184,0.0,0,0,0.0
480,None,Moderate,None,207888.04757679996,0.0,207888.04757679996,0.0,0,0,0.0
481,Moderate,Moderate,Moderate,725190.8636399999,67684.48060639999,207888.04757679996,449618.33545679995,30,120,60.0
482,Moderate,Moderate,None,275572.52818319993,67684.48060639999,207888.04757679996,0.0,30,120,60.0
483,None,None,Slight,87022.90363679998,0.0,0.0,87022.90363679998,0,0,0.0
484,Extensive,Moderate,Slight,628498.7484879999,333587.79727439996,207888.04757679996,87022.90363679998,120,480,480.0
485,Moderate,Moderate,None,275572.52818319993,67684.48060639999,207888.04757679996,0.0,30,120,60.0
486,None,Slight,None,43511.4518184,0.0,43511.4518184,0.0,0,0,0.0
487,Slight,Moderate,None,222391.86484959995,14503.817272799997,207888.04757679996,0.0,5,10,0.0
488,Extensive,Moderate,Moderate,991094.1803079998,333587.79727439996,207888.04757679996,449618.33545679995,120,480,480.0
489,Moderate,Extensive,None,1097455.5069751998,67684.48060639999,1029771.0263687999,0.0,30,120,60.0
490,None,None,None,0.0,0.0,0.0,0.0,0,0,0.0
491,Moderate,Moderate,None,275572.52818319993,67684.48060639999,207888.04757679996,0.0,30,120,60.0
492,Slight,Slight,None,58015.269091199996,14503.817272799997,43511.4518184,0.0,5,10,0.0
493,None,None,None,0.0,0.0,0.0,0.0,0,0,0.0
494,Moderate,Moderate,Slight,362595.43181999994,67684.48060639999,207888.04757679996,87022.90363679998,30,120,60.0
495,Slight,Slight,None,58015.269091199996,14503.817272799997,43511.4518184,0.0,5,10,0.0
496,Moderate,Extensive,Moderate,1547073.8424319997,67684.48060639999,1029771.0263687999,449618.33545679995,30,120,60.0
497,Slight,Moderate,None,222391.86484959995,14503.817272799997,207888.04757679996,0.0,5,10,0.0
498,Extensive,Moderate,Moderate,991094.1803079998,333587.79727439996,207888.04757679996,449618.33545679995,120,480,480.0
499,Moderate,Moderate,Moderate,725190.8636399999,67684.48060639999,207888.04757679996,449618.33545679995,30,120,60.0
