,DS_Struct,DS_NonStruct_DriftSen,DS_NonStruct_AccelSen,RepairCost_Total,RepairCost_Struct,RepairCost_NonStruct_DriftSen,RepairCost_NonStruct_AccelSen,RepairTime,RecoveryTime,FunctionLossTime
0,Extensive,Extensive,None,1363358.8236431999,333587.79727439996,1029771.0263687999,0.0,120,480,480.0
1,Moderate,Complete,Moderate,2572010.2630431997,67684.48060639999,2054707.4469799995,449618.33545679995,30,120,60.0
2,Slight,None,Slight,101526.72090959997,14503.817272799997,0.0,87022.90363679998,5,10,0.0
3,None,None,None,0.0,0.0,0.0,0.0,0,0,0.0
4,Slight,Slight,None,58015.269091199996,14503.817272799997,43511.4518184,0.0,5,10,0.0
5,Complete,Complete,Complete,7251908.636399999,667175.5945487999,2054707.4469799995,4530025.5948712,240,960,960.0
6,Extensive,Complete,Moderate,2837913.5797111997,333587.79727439996,2054707.4469799995,449618.33545679995,120,480,480.0
7,Moderate,Moderate,Moderate,725190.8636399999,67684.48060639999,207888.04757679996,449618.33545679995,30,120,60.0
8,Extensive,Moderate,None,541475.8448511999,333587.79727439996,207888.04757679996,0.0,120,480,480.0
9,Moderate,None,None,67684.48060639999,67684.48060639999,0.0,0.0,30,120,60.0
10,Moderate,Complete,Moderate,2572010.2630431997,67684.48060639999,2054707.4469799995,449618.33545679995,30,120,60.0
11,Extensive,Extensive,None,1363358.8236431999,333587.79727439996,1029771.0263687999,0.0,120,480,480.0
12,Moderate,Moderate,None,275572.52818319993,67684.48060639999,207888.04757679996,0.0,30,120,60.0
13,None,None,None,0.0,0.0,0.0,0.0,0,0,0.0
14,Moderate,Moderate,Slight,362595.43181999994,67684.48060639999,207888.04757679996,87022.90363679998,30,120,60.0
15,Extensive,Moderate,Slight,628498.7484879999,333587.79727439996,207888.04757679996,87022.90363679998,120,480,480.0
16,None,None,None,0.0,0.0,0.0,0.0,0,0,0.0
17,Moderate,Moderate,None,275572.52818319993,67684.48060639999,207888.04757679996,0.0,30,120,60.0
18,Complete,Complete,Extensive,4563867.835174399,667175.5945487999,2054707.4469799995,1841984.7936455999,240,960,960.0
19,Moderate,Moderate,None,275572.52818319993,67684.48060639999,207888.04757679996,0.0,30,120,60.0
20,None,None,None,0.0,0.0,0.0,0.0,0,0,0.0
21,Complete,Complete,Complete,7251908.636399999,667175.5945487999,2054707.4469799995,4530025.5948712,240,960,960.0
22,None,None,None,0.0,0.0,0.0,0.0,0,0,0.0
23,Moderate,Moderate,Moderate,725190.8636399999,67684.48060639999,207888.04757679996,449618.33545679995,30,120,60.0
24,Slight,None,None,14503.817272799997,14503.817272799997,0.0,0.0,5,10,0.0
25,Moderate,Slight,Moderate,560814.2678816,67684.48060639999,43511.4518184,449618.33545679995,30,120,60.0
26,Moderate,Moderate,Slight,362595.43181999994,67684.48060639999,207888.04757679996,87022.90363679998,30,120,60.0
27,None,None,None,0.0,0.0,0.0,0.0,0,0,0.0
28,Moderate,Slight,Slight,198218.83606159996,67684.48060639999,43511.4518184,87022.90363679998,30,120,60.0
29,Complete,Complete,Complete,7251908.636399999,667175.5945487999,2054707.4469799995,4530025.5948712,240,960,960.0
30,Moderate,Moderate,None,275572.52818319993,67684.48060639999,207888.04757679996,0.0,30,120,60.0
31,Moderate,Slight,None,111195.93242479998,67684.48060639999,43511.4518184,0.0,30,120,60.0
32,Complete,Moderate,Moderate,1324681.9775823997,667175.5945487999,207888.04757679996,449618.33545679995,240,960,960.0
33,Moderate,Moderate,Slight,362595.43181999994,67684.48060639999,207888.04757679996,87022.90363679998,30,120,60.0
34,Moderate,Moderate,None,275572.52818319993,67684.48060639999,207888.04757679996,0.0,30,120,60.0
35,Extensive,Moderate,None,541475.8448511999,333587.79727439996,207888.04757679996,0.0,120,480,480.0
36,None,None,None,0.0,0.0,0.0,0.0,0,0,0.0
37,Slight,Moderate,None,222391.86484959995,14503.817272799997,207888.04757679996,0.0,5,10,0.0
38,Slight,Slight,Slight,145038.17272799998,14503.817272799997,43511.4518184,87022.90363679998,5,10,0.0
39,Slight,Moderate,None,222391.86484959995,14503.817272799997,207888.04757679996,0.0,5,10,0.0
40,None,None,None,0.0,0.0,0.0,0.0,0,0,0.0
41,Moderate,Extensive,Slight,1184478.4106119997,67684.48060639999,1029771.0263687999,87022.90363679998,30,120,60.0
42,Extensive,Moderate,None,541475.8448511999,333587.79727439996,207888.04757679996,0.0,120,480,480.0
43,None,None,None,0.0,0.0,0.0,0.0,0,0,0.0
44,Moderate,Slight,Slight,198218.83606159996,67684.48060639999,43511.4518184,87022.90363679998,30,120,60.0
45,Moderate,Slight,None,111195.93242479998,67684.48060639999,43511.4518184,0.0,30,120,60.0
46,Moderate,Slight,Moderate,560814.2678816,67684.48060639999,43511.4518184,449618.33545679995,30,120,60.0
47,Extensive,Moderate,Moderate,991094.1803079998,333587.79727439996,207888.04757679996,449618.33545679995,120,480,480.0
48,Extensive,Complete,Slight,2475318.1478911997,333587.79727439996,2054707.4469799995,87022.90363679998,120,480,480.0
49,Extensive,Complete,None,2388295.2442543996,333587.79727439996,2054707.4469799995,0.0,120,480,480.0
50,Slight,None,None,14503.817272799997,14503.817272799997,0.0,0.0,5,10,0.0
51,Moderate,Moderate,Slight,362595.43181999994,67684.48060639999,207888.04757679996,87022.90363679998,30,120,60.0
52,Moderate,Moderate,None,275572.52818319993,67684.48060639999,207888.04757679996,0.0,30,120,60.0
53,Moderate,Extensive,Slight,1184478.4106119997,67684.48060639999,1029771.0263687999,87022.90363679998,30,120,60.0
54,Moderate,Slight,None,111195.93242479998,67684.48060639999,43511.4518184,0.0,30,120,60.0
55,Moderate,Moderate,None,275572.52818319993,67684.48060639999,207888.04757679996,0.0,30,120,60.0
56,None,None,None,0.0,0.0,0.0,0.0,0,0,0.0
57,Moderate,Moderate,Slight,362595.43181999994,67684.48060639999,207888.04757679996,87022.90363679998,30,120,60.0
58,None,None,None,0.0,0.0,0.0,0.0,0,0,0.0
59,Moderate,Slight,None,111195.93242479998,67684.48060639999,43511.4518184,0.0,30,120,60.0
60,Moderate,None,Slight,154707.38424319995,67684.48060639999,0.0,87022.90363679998,30,120,60.0
61,Moderate,Slight,None,111195.93242479998,67684.48060639999,43511.4518184,0.0,30,120,60.0
62,None,None,None,0.0,0.0,0.0,0.0,0,0,0.0
63,Slight,Moderate,None,222391.86484959995,14503.817272799997,207888.04757679996,0.0,5,10,0.0
64,Moderate,Moderate,Slight,362595.43181999994,67684.48060639999,207888.04757679996,87022.90363679998,30,120,60.0
65,None,None,None,0.0,0.0,0.0,0.0,0,0,0.0
66,None,None,None,0.0,0.0,0.0,0.0,0,0,0.0
67,Moderate,Moderate,None,275572.52818319993,67684.48060639999,207888.04757679996,0.0,30,120,60.0
68,Extensive,Complete,Moderate,2837913.5797111997,333587.79727439996,2054707.4469799995,449618.33545679995,120,480,480.0
69,Moderate,Moderate,None,275572.52818319993,67684.48060639999,207888.04757679996,0.0,30,120,60.0
70,Moderate,Moderate,None,275572.52818319993,67684.48060639999,207888.04757679996,0.0,30,120,60.0
71,Slight,Extensive,None,1044274.8436415999,14503.817272799997,1029771.0263687999,0.0,5,10,0.0
72,Slight,Moderate,None,222391.86484959995,14503.817272799997,207888.04757679996,0.0,5,10,0.0
73,Moderate,Moderate,None,275572.52818319993,67684.48060639999,207888.04757679996,0.0,30,120,60.0
74,Moderate,Slight,None,111195.93242479998,67684.48060639999,43511.4518184,0.0,30,120,60.0
75,Slight,Moderate,None,222391.86484959995,14503.817272799997,207888.04757679996,0.0,5,10,0.0
76,Moderate,Moderate,None,275572.52818319993,67684.48060639999,207888.04757679996,0.0,30,120,60.0
77,Slight,Slight,Slight,145038.17272799998,14503.817272799997,43511.4518184,87022.90363679998,5,10,0.0
78,Moderate,Moderate,None,275572.52818319993,67684.48060639999,207888.04757679996,0.0,30,120,60.0
79,Slight,Slight,None,58015.269091199996,14503.817272799997,43511.4518184,0.0,5,10,0.0
80,None,None,None,0.0,0.0,0.0,0.0,0,0,0.0
81,Slight,Moderate,Slight,309414.7684863999,14503.817272799997,207888.04757679996,87022.90363679998,5,10,0.0
82,None,None,None,0.0,0.0,0.0,0.0,0,0,0.0
83,Moderate,Moderate,Moderate,725190.8636399999,67684.48060639999,207888.04757679996,449618.33545679995,30,120,60.0
84,Moderate,Moderate,None,275572.52818319993,67684.48060639999,207888.04757679996,0.0,30,120,60.0
85,Moderate,Extensive,None,1097455.5069751998,67684.48060639999,1029771.0263687999,0.0,30,120,60.0
86,None,None,None,0.0,0.0,0.0,0.0,0,0,0.0
87,Moderate,Moderate,None,275572.52818319993,67684.48060639999,207888.04757679996,0.0,30,120,60.0
88,Slight,Slight,None,58015.269091199996,14503.817272799997,43511.4518184,0.0,5,10,0.0
89,Slight,Moderate,Slight,309414.7684863999,14503.817272799997,207888.04757679996,87022.90363679998,5,10,0.0
90,Moderate,Moderate,None,275572.52818319993,67684.48060639999,207888.04757679996,0.0,30,120,60.0
91,Moderate,Moderate,Slight,362595.43181999994,67684.48060639999,207888.04757679996,87022.90363679998,30,120,60.0
92,Moderate,None,None,67684.48060639999,67684.48060639999,0.0,0.0,30,120,60.0
93,Extensive,Extensive,Slight,1450381.7272799998,333587.79727439996,1029771.0263687999,87022.90363679998,120,480,480.0
94,Moderate,Complete,Slight,2209414.8312231996,67684.48060639999,2054707.4469799995,87022.90363679998,30,120,60.0
95,None,None,None,0.0,0.0,0.0,0.0,0,0,0.0
96,Moderate,Extensive,Moderate,1547073.8424319997,67684.48060639999,1029771.0263687999,449618.33545679995,30,120,60.0
97,Slight,Moderate,None,222391.86484959995,14503.817272799997,207888.04757679996,0.0,5,10,0.0
98,None,None,None,0.0,0.0,0.0,0.0,0,0,0.0
99,Slight,None,None,14503.817272799997,14503.817272799997,0.0,0.0,5,10,0.0
100,Extensive,Extensive,Slight,1450381.7272799998,333587.79727439996,1029771.0263687999,87022.90363679998,120,480,480.0
101,Slight,None,None,14503.817272799997,14503.817272799997,0.0,0.0,5,10,0.0
102,None,None,None,0.0,0.0,0.0,0.0,0,0,0.0
103,Moderate,Slight,None,111195.93242479998,67684.48060639999,43511.4518184,0.0,30,120,60.0
104,Moderate,Moderate,None,275572.52818319993,67684.48060639999,207888.04757679996,0.0,30,120,60.0
105,Complete,Complete,Extensive,4563867.835174399,667175.5945487999,2054707.4469799995,1841984.7936455999,240,960,960.0
106,None,None,None,0.0,0.0,0.0,0.0,0,0,0.0
107,Moderate,Moderate,Slight,362595.43181999994,67684.48060639999,207888.04757679996,87022.90363679998,30,120,60.0
108,None,None,None,0.0,0.0,0.0,0.0,0,0,0.0
109,Complete,Complete,Moderate,3171501.3769855993,667175.5945487999,2054707.4469799995,449618.33545679995,240,960,960.0
110,Moderate,Slight,None,111195.93242479998,67684.48060639999,43511.4518184,0.0,30,120,60.0
111,Extensive,Extensive,Slight,1450381.7272799998,333587.79727439996,1029771.0263687999,87022.90363679998,120,480,480.0
112,Slight,Moderate,None,222391.86484959995,14503.817272799997,207888.04757679996,0.0,5,10,0.0
113,Complete,Complete,Complete,7251908.636399999,667175.5945487999,2054707.4469799995,4530025.5948712,240,960,960.0
114,Moderate,Moderate,Slight,362595.43181999994,67684.48060639999,207888.04757679996,87022.90363679998,30,120,60.0
115,Extensive,Extensive,Slight,1450381.7272799998,333587.79727439996,1029771.0263687999,87022.90363679998,120,480,480.0
116,Slight,Slight,None,58015.269091199996,14503.817272799997,43511.4518184,0.0,5,10,0.0
117,Extensive,Moderate,Slight,628498.7484879999,333587.79727439996,207888.04757679996,87022.90363679998,120,480,480.0
118,Moderate,Moderate,None,275572.52818319993,67684.48060639999,207888.04757679996,0.0,30,120,60.0
119,None,None,None,0.0,0.0,0.0,0.0,0,0,0.0
120,Extensive,Complete,Slight,2475318.1478911997,333587.79727439996,2054707.4469799995,87022.90363679998,120,480,480.0
121,Complete,Complete,Complete,7251908.636399999,667175.5945487999,2054707.4469799995,4530025.5948712,240,960,960.0
122,Extensive,Extensive,None,1363358.8236431999,333587.79727439996,1029771.0263687999,0.0,120,480,480.0
123,Moderate,Moderate,None,275572.52818319993,67684.48060639999,207888.04757679996,0.0,30,120,60.0
124,Moderate,Moderate,Slight,362595.43181999994,67684.48060639999,207888.04757679996,87022.90363679998,30,120,60.0
125,Moderate,Extensive,Slight,1184478.4106119997,67684.48060639999,1029771.0263687999,87022.90363679998,30,120,60.0
126,Moderate,Slight,None,111195.93242479998,67684.48060639999,43511.4518184,0.0,30,120,60.0
127,None,None,None,0.0,0.0,0.0,0.0,0,0,0.0
128,None,None,None,0.0,0.0,0.0,0.0,0,0,0.0
129,Moderate,Moderate,None,275572.52818319993,67684.48060639999,207888.04757679996,0.0,30,120,60.0
130,Slight,Extensive,None,1044274.8436415999,14503.817272799997,1029771.0263687999,0.0,5,10,0.0
131,Extensive,Complete,Slight,2475318.1478911997,333587.79727439996,2054707.4469799995,87022.90363679998,120,480,480.0
132,Moderate,Moderate,None,275572.52818319993,67684.48060639999,207888.04757679996,0.0,30,120,60.0
133,None,None,None,0.0,0.0,0.0,0.0,0,0,0.0
134,Moderate,Slight,None,111195.93242479998,67684.48060639999,43511.4518184,0.0,30,120,60.0
135,Moderate,Moderate,Slight,362595.43181999994,67684.48060639999,207888.04757679996,87022.90363679998,30,120,60.0
136,Moderate,Moderate,None,275572.52818319993,67684.48060639999,207888.04757679996,0.0,30,120,60.0
137,Extensive,Moderate,Slight,628498.7484879999,333587.79727439996,207888.04757679996,87022.90363679998,120,480,480.0
138,Slight,Moderate,None,222391.86484959995,14503.817272799997,207888.04757679996,0.0,5,10,0.0
139,Moderate,Moderate,None,275572.52818319993,67684.48060639999,207888.04757679996,0.0,30,120,60.0
140,None,None,None,0.0,0.0,0.0,0.0,0,0,0.0
141,Extensive,Moderate,None,541475.8448511999,333587.79727439996,207888.04757679996,0.0,120,480,480.0
142,None,None,None,0.0,0.0,0.0,0.0,0,0,0.0
143,Moderate,Slight,Slight,198218.83606159996,67684.48060639999,43511.4518184,87022.90363679998,30,120,60.0
144,Slight,None,None,14503.817272799997,14503.817272799997,0.0,0.0,5,10,0.0
145,None,Slight,None,43511.4518184,0.0,43511.4518184,0.0,0,0,0.0
146,Slight,Moderate,None,222391.86484959995,14503.817272799997,207888.04757679996,0.0,5,10,0.0
147,Moderate,Slight,None,111195.93242479998,67684.48060639999,43511.4518184,0.0,30,120,60.0
148,None,None,None,0.0,0.0,0.0,0.0,0,0,0.0
149,Moderate,Complete,Moderate,2572010.2630431997,67684.48060639999,2054707.4469799995,449618.33545679995,30,120,60.0
150,Slight,Slight,None,58015.269091199996,14503.817272799997,43511.4518184,0.0,5,10,0.0
151,Extensive,Slight,Moderate,826717.5845495999,333587.79727439996,43511.4518184,449618.33545679995,120,480,480.0
152,None,None,None,0.0,0.0,0.0,0.0,0,0,0.0
153,Slight,Moderate,None,222391.86484959995,14503.817272799997,207888.04757679996,0.0,5,10,0.0
154,Moderate,Moderate,Slight,362595.43181999994,67684.48060639999,207888.04757679996,87022.90363679998,30,120,60.0
155,None,None,None,0.0,0.0,0.0,0.0,0,0,0.0
156,None,None,None,0.0,0.0,0.0,0.0,0,0,0.0
157,Extensive,Extensive,Moderate,1812977.1590999998,333587.79727439996,1029771.0263687999,449618.33545679995,120,480,480.0
158,Extensive,Moderate,None,541475.8448511999,333587.79727439996,207888.04757679996,0.0,120,480,480.0
159,Moderate,Extensive,Slight,1184478.4106119997,67684.48060639999,1029771.0263687999,87022.90363679998,30,120,60.0
160,Moderate,Moderate,Slight,362595.43181999994,67684.48060639999,207888.04757679996,87022.90363679998,30,120,60.0
161,Extensive,Extensive,Moderate,1812977.1590999998,333587.79727439996,1029771.0263687999,449618.33545679995,120,480,480.0
162,Moderate,Moderate,None,275572.52818319993,67684.48060639999,207888.04757679996,0.0,30,120,60.0
163,Moderate,Moderate,None,275572.52818319993,67684.48060639999,207888.04757679996,0.0,30,120,60.0
164,Moderate,Complete,None,2122391.9275863995,67684.48060639999,2054707.4469799995,0.0,30,120,60.0
165,Complete,Complete,Moderate,3171501.3769855993,667175.5945487999,2054707.4469799995,449618.33545679995,240,960,960.0
166,Moderate,Extensive,None,1097455.5069751998,67684.48060639999,1029771.0263687999,0.0,30,120,60.0
167,Moderate,Moderate,None,275572.52818319993,67684.48060639999,207888.04757679996,0.0,30,120,60.0
168,Extensive,Extensive,Moderate,1812977.1590999998,333587.79727439996,1029771.0263687999,449618.33545679995,120,480,480.0
169,Moderate,Moderate,None,275572.52818319993,67684.48060639999,207888.04757679996,0.0,30,120,60.0
170,Moderate,Extensive,Slight,1184478.4106119997,67684.48060639999,1029771.0263687999,87022.90363679998,30,120,60.0
171,Moderate,Moderate,Slight,362595.43181999994,67684.48060639999,207888.04757679996,87022.90363679998,30,120,60.0
172,Moderate,Extensive,None,1097455.5069751998,67684.48060639999,1029771.0263687999,0.0,30,120,60.0
173,Extensive,Extensive,None,1363358.8236431999,333587.79727439996,1029771.0263687999,0.0,120,480,480.0
174,Moderate,Moderate,None,275572.52818319993,67684.48060639999,207888.04757679996,0.0,30,120,60.0
175,Moderate,Moderate,Moderate,725190.8636399999,67684.48060639999,207888.04757679996,449618.33545679995,30,120,60.0
176,Moderate,Moderate,Moderate,725190.8636399999,67684.48060639999,207888.04757679996,449618.33545679995,30,120,60.0
177,Moderate,Moderate,None,275572.52818319993,67684.48060639999,207888.04757679996,0.0,30,120,60.0
178,Extensive,Moderate,Slight,628498.7484879999,333587.79727439996,207888.04757679996,87022.90363679998,120,480,480.0
179,Slight,Moderate,None,222391.86484959995,14503.817272799997,207888.04757679996,0.0,5,10,0.0
180,Moderate,Moderate,Slight,362595.43181999994,67684.48060639999,207888.04757679996,87022.90363679998,30,120,60.0
181,Moderate,Moderate,None,275572.52818319993,67684.48060639999,207888.04757679996,0.0,30,120,60.0
182,Slight,None,None,14503.817272799997,14503.817272799997,0.0,0.0,5,10,0.0
183,None,None,None,0.0,0.0,0.0,0.0,0,0,0.0
184,Slight,Slight,None,58015.269091199996,14503.817272799997,43511.4518184,0.0,5,10,0.0
185,Moderate,Moderate,None,275572.52818319993,67684.48060639999,207888.04757679996,0.0,30,120,60.0
186,Moderate,Moderate,None,275572.52818319993,67684.48060639999,207888.04757679996,0.0,30,120,60.0
187,Slight,Moderate,Slight,309414.7684863999,14503.817272799997,207888.04757679996,87022.90363679998,5,10,0.0
188,Slight,Slight,None,58015.269091199996,14503.817272799997,43511.4518184,0.0,5,10,0.0
189,Slight,Slight,None,58015.269091199996,14503.817272799997,43511.4518184,0.0,5,10,0.0
190,Slight,Moderate,None,222391.86484959995,14503.817272799997,207888.04757679996,0.0,5,10,0.0
191,Moderate,Moderate,None,275572.52818319993,67684.48060639999,207888.04757679996,0.0,30,120,60.0
192,None,None,None,0.0,0.0,0.0,0.0,0,0,0.0
193,Moderate,Moderate,None,275572.52818319993,67684.48060639999,207888.04757679996,0.0,30,120,60.0
194,Extensive,Complete,None,2388295.2442543996,333587.79727439996,2054707.4469799995,0.0,120,480,480.0
195,Moderate,Moderate,Moderate,725190.8636399999,67684.48060639999,207888.04757679996,449618.33545679995,30,120,60.0
196,Moderate,None,None,67684.48060639999,67684.48060639999,0.0,0.0,30,120,60.0
197,Extensive,Moderate,Slight,628498.7484879999,333587.79727439996,207888.04757679996,87022.90363679998,120,480,480.0
198,Moderate,Moderate,None,275572.52818319993,67684.48060639999,207888.04757679996,0.0,30,120,60.0
199,Moderate,Moderate,None,275572.52818319993,67684.48060639999,207888.04757679996,0.0,30,120,60.0
200,Complete,Complete,Complete,7251908.636399999,667175.5945487999,2054707.4469799995,4530025.5948712,240,960,960.0
201,None,None,None,0.0,0.0,0.0,0.0,0,0,0.0
202,Moderate,Extensive,None,1097455.5069751998,67684.48060639999,1029771.0263687999,0.0,30,120,60.0
203,Moderate,Slight,None,111195.93242479998,67684.48060639999,43511.4518184,0.0,30,120,60.0
204,Complete,Complete,Complete,7251908.636399999,667175.5945487999,2054707.4469799995,4530025.5948712,240,960,960.0
205,Moderate,Moderate,Moderate,725190.8636399999,67684.48060639999,207888.04757679996,449618.33545679995,30,120,60.0
206,None,None,None,0.0,0.0,0.0,0.0,0,0,0.0
207,Moderate,Extensive,None,1097455.5069751998,67684.48060639999,1029771.0263687999,0.0,30,120,60.0
208,Moderate,Moderate,Slight,362595.43181999994,67684.48060639999,207888.04757679996,87022.90363679998,30,120,60.0
209,Extensive,Extensive,Slight,1450381.7272799998,333587.79727439996,1029771.0263687999,87022.90363679998,120,480,480.0
210,Slight,Slight,None,58015.269091199996,14503.817272799997,43511.4518184,0.0,5,10,0.0
211,Moderate,Moderate,None,275572.52818319993,67684.48060639999,207888.04757679996,0.0,30,120,60.0
212,Extensive,Moderate,None,541475.8448511999,333587.79727439996,207888.04757679996,0.0,120,480,480.0
213,Moderate,Moderate,Slight,362595.43181999994,67684.48060639999,207888.04757679996,87022.90363679998,30,120,60.0
214,Extensive,Moderate,Moderate,991094.1803079998,333587.79727439996,207888.04757679996,449618.33545679995,120,480,480.0
215,Complete,Complete,Complete,7251908.636399999,667175.5945487999,2054707.4469799995,4530025.5948712,240,960,960.0
216,Moderate,Slight,None,111195.93242479998,67684.48060639999,43511.4518184,0.0,30,120,60.0
217,None,None,None,0.0,0.0,0.0,0.0,0,0,0.0
218,Moderate,Moderate,None,275572.52818319993,67684.48060639999,207888.04757679996,0.0,30,120,60.0
219,Extensive,Complete,Slight,2475318.1478911997,333587.79727439996,2054707.4469799995,87022.90363679998,120,480,480.0
220,None,Slight,None,43511.4518184,0.0,43511.4518184,0.0,0,0,0.0
221,Moderate,Extensive,Slight,1184478.4106119997,67684.48060639999,1029771.0263687999,87022.90363679998,30,120,60.0
222,Moderate,Slight,None,111195.93242479998,67684.48060639999,43511.4518184,0.0,30,120,60.0
223,Moderate,Moderate,None,275572.52818319993,67684.48060639999,207888.04757679996,0.0,30,120,60.0
224,None,None,None,0.0,0.0,0.0,0.0,0,0,0.0
225,None,None,None,0.0,0.0,0.0,0.0,0,0,0.0
226,Complete,Complete,Complete,7251908.636399999,667175.5945487999,2054707.4469799995,4530025.5948712,240,960,960.0
227,Moderate,Moderate,Slight,362595.43181999994,67684.48060639999,207888.04757679996,87022.90363679998,30,120,60.0
228,Moderate,Moderate,None,275572.52818319993,67684.48060639999,207888.04757679996,0.0,30,120,60.0
229,Extensive,Moderate,Slight,628498.7484879999,333587.79727439996,207888.04757679996,87022.90363679998,120,480,480.0
230,Extensive,Moderate,Slight,628498.7484879999,333587.79727439996,207888.04757679996,87022.90363679998,120,480,480.0
231,None,None,None,0.0,0.0,0.0,0.0,0,0,0.0
232,Moderate,Moderate,Slight,362595.43181999994,67684.48060639999,207888.04757679996,87022.90363679998,30,120,60.0
233,None,None,None,0.0,0.0,0.0,0.0,0,0,0.0
234,Slight,Slight,None,58015.269091199996,14503.817272799997,43511.4518184,0.0,5,10,0.0
235,Moderate,Slight,None,111195.93242479998,67684.48060639999,43511.4518184,0.0,30,120,60.0
236,Moderate,Moderate,None,275572.52818319993,67684.48060639999,207888.04757679996,0.0,30,120,60.0
237,Moderate,Moderate,None,275572.52818319993,67684.48060639999,207888.04757679996,0.0,30,120,60.0
238,Extensive,Complete,Slight,2475318.1478911997,333587.79727439996,2054707.4469799995,87022.90363679998,120,480,480.0
239,Extensive,Extensive,None,1363358.8236431999,333587.79727439996,1029771.0263687999,0.0,120,480,480.0
240,Extensive,Extensive,None,1363358.8236431999,333587.79727439996,1029771.0263687999,0.0,120,480,480.0
241,Moderate,Moderate,None,275572.52818319993,67684.48060639999,207888.04757679996,0.0,30,120,60.0
242,Slight,Slight,None,58015.269091199996,14503.817272799997,43511.4518184,0.0,5,10,0.0
243,Moderate,Moderate,None,275572.52818319993,67684.48060639999,207888.04757679996,0.0,30,120,60.0
244,Extensive,Complete,Extensive,4230280.037899999,333587.79727439996,2054707.4469799995,1841984.7936455999,120,480,480.0
245,Slight,Moderate,None,222391.86484959995,14503.817272799997,207888.04757679996,0.0,5,10,0.0
246,Moderate,Moderate,Slight,362595.43181999994,67684.48060639999,207888.04757679996,87022.90363679998,30,120,60.0
247,Slight,Moderate,None,222391.86484959995,14503.817272799997,207888.04757679996,0.0,5,10,0.0
248,None,None,None,0.0,0.0,0.0,0.0,0,0,0.0
249,None,None,None,0.0,0.0,0.0,0.0,0,0,0.0
250,Slight,Slight,None,58015.269091199996,14503.817272799997,43511.4518184,0.0,5,10,0.0
251,Moderate,Moderate,Slight,362595.43181999994,67684.48060639999,207888.04757679996,87022.90363679998,30,120,60.0
252,None,None,None,0.0,0.0,0.0,0.0,0,0,0.0
253,Moderate,None,None,67684.48060639999,67684.48060639999,0.0,0.0,30,120,60.0
254,None,None,None,0.0,0.0,0.0,0.0,0,0,0.0
255,Extensive,Moderate,Slight,628498.7484879999,333587.79727439996,207888.04757679996,87022.90363679998,120,480,480.0
256,None,None,None,0.0,0.0,0.0,0.0,0,0,0.0
257,Moderate,Moderate,Moderate,725190.8636399999,67684.48060639999,207888.04757679996,449618.33545679995,30,120,60.0
258,None,None,None,0.0,0.0,0.0,0.0,0,0,0.0
259,None,None,None,0.0,0.0,0.0,0.0,0,0,0.0
260,Complete,Extensive,Extensive,3538931.4145631995,667175.5945487999,1029771.0263687999,1841984.7936455999,240,960,960.0
261,Moderate,Moderate,Slight,362595.43181999994,67684.48060639999,207888.04757679996,87022.90363679998,30,120,60.0
262,Complete,Complete,Complete,7251908.636399999,667175.5945487999,2054707.4469799995,4530025.5948712,240,960,960.0
263,Extensive,Complete,Slight,2475318.1478911997,333587.79727439996,2054707.4469799995,87022.90363679998,120,480,480.0
264,None,None,None,0.0,0.0,0.0,0.0,0,0,0.0
265,None,None,None,0.0,0.0,0.0,0.0,0,0,0.0
266,Slight,Slight,None,58015.269091199996,14503.817272799997,43511.4518184,0.0,5,10,0.0
267,Slight,None,None,14503.817272799997,14503.817272799997,0.0,0.0,5,10,0.0
268,None,None,None,0.0,0.0,0.0,0.0,0,0,0.0
269,Moderate,Moderate,None,275572.52818319993,67684.48060639999,207888.04757679996,0.0,30,120,60.0
270,None,None,None,0.0,0.0,0.0,0.0,0,0,0.0
271,Extensive,Extensive,Complete,5893384.4185144,333587.79727439996,1029771.0263687999,4530025.5948712,120,480,480.0
272,None,None,None,0.0,0.0,0.0,0.0,0,0,0.0
273,Moderate,Extensive,Moderate,1547073.8424319997,67684.48060639999,1029771.0263687999,449618.33545679995,30,120,60.0
274,Moderate,Moderate,Moderate,725190.8636399999,67684.48060639999,207888.04757679996,449618.33545679995,30,120,60.0
275,Moderate,Moderate,Moderate,725190.8636399999,67684.48060639999,207888.04757679996,449618.33545679995,30,120,60.0
276,None,None,None,0.0,0.0,0.0,0.0,0,0,0.0
277,Slight,Slight,None,58015.269091199996,14503.817272799997,43511.4518184,0.0,5,10,0.0
278,Moderate,Slight,None,111195.93242479998,67684.48060639999,43511.4518184,0.0,30,120,60.0
279,Extensive,Extensive,None,1363358.8236431999,333587.79727439996,1029771.0263687999,0.0,120,480,480.0
280,None,None,None,0.0,0.0,0.0,0.0,0,0,0.0
281,None,None,None,0.0,0.0,0.0,0.0,0,0,0.0
282,Slight,Slight,None,58015.269091199996,14503.817272799997,43511.4518184,0.0,5,10,0.0
283,Moderate,Moderate,None,275572.52818319993,67684.48060639999,207888.04757679996,0.0,30,120,60.0
284,Complete,Extensive,Moderate,2146564.9563743994,667175.5945487999,1029771.0263687999,449618.33545679995,240,960,960.0
285,Slight,Moderate,None,222391.86484959995,14503.817272799997,207888.04757679996,0.0,5,10,0.0
286,Moderate,Moderate,Slight,362595.43181999994,67684.48060639999,207888.04757679996,87022.90363679998,30,120,60.0
287,Moderate,Moderate,None,275572.52818319993,67684.48060639999,207888.04757679996,0.0,30,120,60.0
288,None,None,None,0.0,0.0,0.0,0.0,0,0,0.0
289,Slight,Moderate,None,222391.86484959995,14503.817272799997,207888.04757679996,0.0,5,10,0.0
290,Moderate,Moderate,Slight,362595.43181999994,67684.48060639999,207888.04757679996,87022.90363679998,30,120,60.0
291,Moderate,Moderate,Slight,362595.43181999994,67684.48060639999,207888.04757679996,87022.90363679998,30,120,60.0
292,Slight,Slight,None,58015.269091199996,14503.817272799997,43511.4518184,0.0,5,10,0.0
293,Extensive,Moderate,Moderate,991094.1803079998,333587.79727439996,207888.04757679996,449618.33545679995,120,480,480.0
294,Moderate,Moderate,Slight,362595.43181999994,67684.48060639999,207888.04757679996,87022.90363679998,30,120,60.0
295,None,None,None,0.0,0.0,0.0,0.0,0,0,0.0
296,Moderate,Moderate,Moderate,725190.8636399999,67684.48060639999,207888.04757679996,449618.33545679995,30,120,60.0
297,Moderate,Moderate,Slight,362595.43181999994,67684.48060639999,207888.04757679996,87022.90363679998,30,120,60.0
298,Slight,Moderate,None,222391.86484959995,14503.817272799997,207888.04757679996,0.0,5,10,0.0
299,Moderate,Moderate,Slight,362595.43181999994,67684.48060639999,207888.04757679996,87022.90363679998,30,120,60.0
300,Extensive,Moderate,Slight,628498.7484879999,333587.79727439996,207888.04757679996,87022.90363679998,120,480,480.0
301,None,None,None,0.0,0.0,0.0,0.0,0,0,0.0
302,Moderate,Moderate,Slight,362595.43181999994,67684.48060639999,207888.04757679996,87022.90363679998,30,120,60.0
303,None,None,None,0.0,0.0,0.0,0.0,0,0,0.0
304,Moderate,Moderate,None,275572.52818319993,67684.48060639999,207888.04757679996,0.0,30,120,60.0
305,Extensive,Extensive,Slight,1450381.7272799998,333587.79727439996,1029771.0263687999,87022.90363679998,120,480,480.0
306,Moderate,Moderate,Slight,362595.43181999994,67684.48060639999,207888.04757679996,87022.90363679998,30,120,60.0
307,Moderate,Moderate,Slight,362595.43181999994,67684.48060639999,207888.04757679996,87022.90363679998,30,120,60.0
308,Moderate,Moderate,None,275572.52818319993,67684.48060639999,207888.04757679996,0.0,30,120,60.0
309,Moderate,Extensive,Moderate,1547073.8424319997,67684.48060639999,1029771.0263687999,449618.33545679995,30,120,60.0
310,Moderate,Moderate,Slight,362595.43181999994,67684.48060639999,207888.04757679996,87022.90363679998,30,120,60.0
311,Moderate,Extensive,Slight,1184478.4106119997,67684.48060639999,1029771.0263687999,87022.90363679998,30,120,60.0
312,Moderate,Moderate,None,275572.52818319993,67684.48060639999,207888.04757679996,0.0,30,120,60.0
313,Moderate,Moderate,Slight,362595.43181999994,67684.48060639999,207888.04757679996,87022.90363679998,30,120,60.0
314,Extensive,Extensive,Extensive,3205343.6172888,333587.79727439996,1029771.0263687999,1841984.7936455999,120,480,480.0
315,Complete,Moderate,Slight,962086.5457623999,667175.5945487999,207888.04757679996,87022.90363679998,240,960,960.0
316,Moderate,Slight,None,111195.93242479998,67684.48060639999,43511.4518184,0.0,30,120,60.0
317,Moderate,Moderate,None,275572.52818319993,67684.48060639999,207888.04757679996,0.0,30,120,60.0
318,None,None,None,0.0,0.0,0.0,0.0,0,0,0.0
319,Complete,Complete,Complete,7251908.636399999,667175.5945487999,2054707.4469799995,4530025.5948712,240,960,960.0
320,Slight,Moderate,None,222391.86484959995,14503.817272799997,207888.04757679996,0.0,5,10,0.0
321,Moderate,Moderate,Slight,362595.43181999994,67684.48060639999,207888.04757679996,87022.90363679998,30,120,60.0
322,None,None,None,0.0,0.0,0.0,0.0,0,0,0.0
323,None,None,None,0.0,0.0,0.0,0.0,0,0,0.0
324,None,None,None,0.0,0.0,0.0,0.0,0,0,0.0
325,None,Slight,None,43511.4518184,0.0,43511.4518184,0.0,0,0,0.0
326,Extensive,Extensive,Slight,1450381.7272799998,333587.79727439996,1029771.0263687999,87022.90363679998,120,480,480.0
327,Moderate,Slight,Slight,198218.83606159996,67684.48060639999,43511.4518184,87022.90363679998,30,120,60.0
328,Complete,Complete,Complete,7251908.636399999,667175.5945487999,2054707.4469799995,4530025.5948712,240,960,960.0
329,Moderate,Moderate,None,275572.52818319993,67684.48060639999,207888.04757679996,0.0,30,120,60.0
330,Moderate,Moderate,None,275572.52818319993,67684.48060639999,207888.04757679996,0.0,30,120,60.0
331,Complete,Complete,Complete,7251908.636399999,667175.5945487999,2054707.4469799995,4530025.5948712,240,960,960.0
332,Moderate,Slight,Slight,198218.83606159996,67684.48060639999,43511.4518184,87022.90363679998,30,120,60.0
333,Slight,None,None,14503.817272799997,14503.817272799997,0.0,0.0,5,10,0.0
334,Moderate,Complete,Slight,2209414.8312231996,67684.48060639999,2054707.4469799995,87022.90363679998,30,120,60.0
335,None,None,None,0.0,0.0,0.0,0.0,0,0,0.0
336,Moderate,Moderate,Moderate,725190.8636399999,67684.48060639999,207888.04757679996,449618.33545679995,30,120,60.0
337,Extensive,Complete,Moderate,2837913.5797111997,333587.79727439996,2054707.4469799995,449618.33545679995,120,480,480.0
338,None,None,None,0.0,0.0,0.0,0.0,0,0,0.0
339,None,None,None,0.0,0.0,0.0,0.0,0,0,0.0
340,None,None,None,0.0,0.0,0.0,0.0,0,0,0.0
341,Moderate,Moderate,None,275572.52818319993,67684.48060639999,207888.04757679996,0.0,30,120,60.0
342,Extensive,Moderate,None,541475.8448511999,333587.79727439996,207888.04757679996,0.0,120,480,480.0
343,Moderate,Extensive,Slight,1184478.4106119997,67684.48060639999,1029771.0263687999,87022.90363679998,30,120,60.0
344,Slight,Extensive,None,1044274.8436415999,14503.817272799997,1029771.0263687999,0.0,5,10,0.0
345,None,None,None,0.0,0.0,0.0,0.0,0,0,0.0
346,Extensive,Moderate,Slight,628498.7484879999,333587.79727439996,207888.04757679996,87022.90363679998,120,480,480.0
347,Slight,Slight,None,58015.269091199996,14503.817272799997,43511.4518184,0.0,5,10,0.0
348,Moderate,Moderate,None,275572.52818319993,67684.48060639999,207888.04757679996,0.0,30,120,60.0
349,None,None,None,0.0,0.0,0.0,0.0,0,0,0.0
350,None,None,None,0.0,0.0,0.0,0.0,0,0,0.0
351,Moderate,Slight,Moderate,560814.2678816,67684.48060639999,43511.4518184,449618.33545679995,30,120,60.0
352,Complete,Extensive,None,1696946.6209175996,667175.5945487999,1029771.0263687999,0.0,240,960,960.0
353,None,None,Moderate,449618.33545679995,0.0,0.0,449618.33545679995,0,0,0.0
354,None,None,None,0.0,0.0,0.0,0.0,0,0,0.0
355,Slight,Slight,None,58015.269091199996,14503.817272799997,43511.4518184,0.0,5,10,0.0
356,None,None,None,0.0,0.0,0.0,0.0,0,0,0.0
357,Moderate,Moderate,Moderate,725190.8636399999,67684.48060639999,207888.04757679996,449618.33545679995,30,120,60.0
358,Moderate,Moderate,Slight,362595.43181999994,67684.48060639999,207888.04757679996,87022.90363679998,30,120,60.0
359,Extensive,Complete,Slight,2475318.1478911997,333587.79727439996,2054707.4469799995,87022.90363679998,120,480,480.0
360,None,None,None,0.0,0.0,0.0,0.0,0,0,0.0
361,None,None,None,0.0,0.0,0.0,0.0,0,0,0.0
362,None,None,None,0.0,0.0,0.0,0.0,0,0,0.0
363,Complete,Complete,Complete,7251908.636399999,667175.5945487999,2054707.4469799995,4530025.5948712,240,960,960.0
364,Slight,Slight,None,58015.269091199996,14503.817272799997,43511.4518184,0.0,5,10,0.0
365,Slight,Slight,None,58015.269091199996,14503.817272799997,43511.4518184,0.0,5,10,0.0
366,Complete,Complete,Complete,7251908.636399999,667175.5945487999,2054707.4469799995,4530025.5948712,240,960,960.0
367,Moderate,Slight,None,111195.93242479998,67684.48060639999,43511.4518184,0.0,30,120,60.0
368,Complete,Complete,Moderate,3171501.3769855993,667175.5945487999,2054707.4469799995,449618.33545679995,240,960,960.0
369,Extensive,Extensive,None,1363358.8236431999,333587.79727439996,1029771.0263687999,0.0,120,480,480.0
370,Moderate,Moderate,Moderate,725190.8636399999,67684.48060639999,207888.04757679996,449618.33545679995,30,120,60.0
371,Complete,Extensive,Moderate,2146564.9563743994,667175.5945487999,1029771.0263687999,449618.33545679995,240,960,960.0
372,Moderate,Moderate,Slight,362595.43181999994,67684.48060639999,207888.04757679996,87022.90363679998,30,120,60.0
373,Slight,Slight,None,58015.269091199996,14503.817272799997,43511.4518184,0.0,5,10,0.0
374,Slight,Moderate,None,222391.86484959995,14503.817272799997,207888.04757679996,0.0,5,10,0.0
375,Moderate,Moderate,Moderate,725190.8636399999,67684.48060639999,207888.04757679996,449618.33545679995,30,120,60.0
376,Slight,Moderate,None,222391.86484959995,14503.817272799997,207888.04757679996,0.0,5,10,0.0
377,Moderate,Moderate,None,275572.52818319993,67684.48060639999,207888.04757679996,0.0,30,120,60.0
378,None,None,None,0.0,0.0,0.0,0.0,0,0,0.0
379,Slight,Moderate,None,222391.86484959995,14503.817272799997,207888.04757679996,0.0,5,10,0.0
380,Moderate,Moderate,None,275572.52818319993,67684.48060639999,207888.04757679996,0.0,30,120,60.0
381,Moderate,Slight,None,111195.93242479998,67684.48060639999,43511.4518184,0.0,30,120,60.0
382,Moderate,Extensive,Slight,1184478.4106119997,67684.48060639999,1029771.0263687999,87022.90363679998,30,120,60.0
383,Moderate,Moderate,None,275572.52818319993,67684.48060639999,207888.04757679996,0.0,30,120,60.0
384,Slight,None,None,14503.817272799997,14503.817272799997,0.0,0.0,5,10,0.0
385,None,None,None,0.0,0.0,0.0,0.0,0,0,0.0
386,Extensive,Moderate,None,541475.8448511999,333587.79727439996,207888.04757679996,0.0,120,480,480.0
387,Moderate,Moderate,None,275572.52818319993,67684.48060639999,207888.04757679996,0.0,30,120,60.0
388,Complete,Complete,Extensive,4563867.835174399,667175.5945487999,2054707.4469799995,1841984.7936455999,240,960,960.0
389,Extensive,Extensive,Slight,1450381.7272799998,333587.79727439996,1029771.0263687999,87022.90363679998,120,480,480.0
390,Complete,Complete,Complete,7251908.636399999,667175.5945487999,2054707.4469799995,4530025.5948712,240,960,960.0
391,Moderate,Moderate,None,275572.52818319993,67684.48060639999,207888.04757679996,0.0,30,120,60.0
392,Slight,Slight,None,58015.269091199996,14503.817272799997,43511.4518184,0.0,5,10,0.0
393,Slight,Slight,None,58015.269091199996,14503.817272799997,43511.4518184,0.0,5,10,0.0
394,None,None,None,0.0,0.0,0.0,0.0,0,0,0.0
395,Slight,Slight,None,58015.269091199996,14503.817272799997,43511.4518184,0.0,5,10,0.0
396,Complete,Complete,Complete,7251908.636399999,667175.5945487999,2054707.4469799995,4530025.5948712,240,960,960.0
397,Complete,Extensive,Moderate,2146564.9563743994,667175.5945487999,1029771.0263687999,449618.33545679995,240,960,960.0
398,Extensive,Moderate,None,541475.8448511999,333587.79727439996,207888.04757679996,0.0,120,480,480.0
399,Moderate,Slight,Moderate,560814.2678816,67684.48060639999,43511.4518184,449618.33545679995,30,120,60.0
400,Moderate,Moderate,None,275572.52818319993,67684.48060639999,207888.04757679996,0.0,30,120,60.0
401,Moderate,Moderate,None,275572.52818319993,67684.48060639999,207888.04757679996,0.0,30,120,60.0
402,Complete,Complete,Complete,7251908.636399999,667175.5945487999,2054707.4469799995,4530025.5948712,240,960,960.0
403,Extensive,Extensive,Moderate,1812977.1590999998,333587.79727439996,1029771.0263687999,449618.33545679995,120,480,480.0
404,None,None,None,0.0,0.0,0.0,0.0,0,0,0.0
405,None,None,None,0.0,0.0,0.0,0.0,0,0,0.0
406,None,None,None,0.0,0.0,0.0,0.0,0,0,0.0
407,Moderate,Moderate,None,275572.52818319993,67684.48060639999,207888.04757679996,0.0,30,120,60.0
408,None,None,None,0.0,0.0,0.0,0.0,0,0,0.0
409,Moderate,Complete,None,2122391.9275863995,67684.48060639999,2054707.4469799995,0.0,30,120,60.0
410,Complete,Complete,Complete,7251908.636399999,667175.5945487999,2054707.4469799995,4530025.5948712,240,960,960.0
411,None,None,None,0.0,0.0,0.0,0.0,0,0,0.0
412,Moderate,Complete,None,2122391.9275863995,67684.48060639999,2054707.4469799995,0.0,30,120,60.0
413,Moderate,Moderate,None,275572.52818319993,67684.48060639999,207888.04757679996,0.0,30,120,60.0
414,Slight,None,None,14503.817272799997,14503.817272799997,0.0,0.0,5,10,0.0
415,Extensive,Moderate,None,541475.8448511999,333587.79727439996,207888.04757679996,0.0,120,480,480.0
416,Moderate,Slight,None,111195.93242479998,67684.48060639999,43511.4518184,0.0,30,120,60.0
417,Complete,Complete,Moderate,3171501.3769855993,667175.5945487999,2054707.4469799995,449618.33545679995,240,960,960.0
418,Moderate,Slight,None,111195.93242479998,67684.48060639999,43511.4518184,0.0,30,120,60.0
419,Complete,Moderate,None,875063.6421255999,667175.5945487999,207888.04757679996,0.0,240,960,960.0
420,None,None,None,0.0,0.0,0.0,0.0,0,0,0.0
421,Moderate,Slight,None,111195.93242479998,67684.48060639999,43511.4518184,0.0,30,120,60.0
422,Extensive,Moderate,Slight,628498.7484879999,333587.79727439996,207888.04757679996,87022.90363679998,120,480,480.0
423,Extensive,Moderate,Slight,628498.7484879999,333587.79727439996,207888.04757679996,87022.90363679998,120,480,480.0
424,Moderate,Moderate,None,275572.52818319993,67684.48060639999,207888.04757679996,0.0,30,120,60.0
425,Extensive,Complete,Moderate,2837913.5797111997,333587.79727439996,2054707.4469799995,449618.33545679995,120,480,480.0
426,Moderate,Moderate,Slight,362595.43181999994,67684.48060639999,207888.04757679996,87022.90363679998,30,120,60.0
427,Moderate,Moderate,Slight,362595.43181999994,67684.48060639999,207888.04757679996,87022.90363679998,30,120,60.0
428,Moderate,Moderate,Slight,362595.43181999994,67684.48060639999,207888.04757679996,87022.90363679998,30,120,60.0
429,Slight,Moderate,Slight,309414.7684863999,14503.817272799997,207888.04757679996,87022.90363679998,5,10,0.0
430,Extensive,Extensive,None,1363358.8236431999,333587.79727439996,1029771.0263687999,0.0,120,480,480.0
431,Slight,None,Slight,101526.72090959997,14503.817272799997,0.0,87022.90363679998,5,10,0.0
432,None,None,None,0.0,0.0,0.0,0.0,0,0,0.0
433,None,None,None,0.0,0.0,0.0,0.0,0,0,0.0
434,Slight,Moderate,None,222391.86484959995,14503.817272799997,207888.04757679996,0.0,5,10,0.0
435,Moderate,Moderate,Slight,362595.43181999994,67684.48060639999,207888.04757679996,87022.90363679998,30,120,60.0
436,Moderate,Moderate,None,275572.52818319993,67684.48060639999,207888.04757679996,0.0,30,120,60.0
437,Moderate,Moderate,Slight,362595.43181999994,67684.48060639999,207888.04757679996,87022.90363679998,30,120,60.0
438,Slight,Moderate,None,222391.86484959995,14503.817272799997,207888.04757679996,0.0,5,10,0.0
439,Moderate,Complete,Slight,2209414.8312231996,67684.48060639999,2054707.4469799995,87022.90363679998,30,120,60.0
440,Moderate,Moderate,None,275572.52818319993,67684.48060639999,207888.04757679996,0.0,30,120,60.0
441,Extensive,Extensive,Slight,1450381.7272799998,333587.79727439996,1029771.0263687999,87022.90363679998,120,480,480.0
442,Slight,None,None,14503.817272799997,14503.817272799997,0.0,0.0,5,10,0.0
443,None,None,None,0.0,0.0,0.0,0.0,0,0,0.0
444,Slight,Moderate,None,222391.86484959995,14503.817272799997,207888.04757679996,0.0,5,10,0.0
445,Slight,Slight,None,58015.269091199996,14503.817272799997,43511.4518184,0.0,5,10,0.0
446,None,Slight,None,43511.4518184,0.0,43511.4518184,0.0,0,0,0.0
447,Complete,Complete,None,2721883.0415287996,667175.5945487999,2054707.4469799995,0.0,240,960,960.0
448,Complete,Complete,Complete,7251908.636399999,667175.5945487999,2054707.4469799995,4530025.5948712,240,960,960.0
449,Complete,Complete,Complete,7251908.636399999,667175.5945487999,2054707.4469799995,4530025.5948712,240,960,960.0
450,None,None,None,0.0,0.0,0.0,0.0,0,0,0.0
451,Extensive,Moderate,Slight,628498.7484879999,333587.79727439996,207888.04757679996,87022.90363679998,120,480,480.0
452,Moderate,Moderate,None,275572.52818319993,67684.48060639999,207888.04757679996,0.0,30,120,60.0
453,Slight,Slight,Slight,145038.17272799998,14503.817272799997,43511.4518184,87022.90363679998,5,10,0.0
454,Extensive,Moderate,None,541475.8448511999,333587.79727439996,207888.04757679996,0.0,120,480,480.0
455,None,None,None,0.0,0.0,0.0,0.0,0,0,0.0
456,Moderate,Slight,None,111195.93242479998,67684.48060639999,43511.4518184,0.0,30,120,60.0
457,Moderate,Extensive,Slight,1184478.4106119997,67684.48060639999,1029771.0263687999,87022.90363679998,30,120,60.0
458,Extensive,Moderate,Slight,628498.7484879999,333587.79727439996,207888.04757679996,87022.90363679998,120,480,480.0
459,None,None,None,0.0,0.0,0.0,0.0,0,0,0.0
460,Slight,Slight,None,58015.269091199996,14503.817272799997,43511.4518184,0.0,5,10,0.0
461,Extensive,Moderate,Slight,628498.7484879999,333587.79727439996,207888.04757679996,87022.90363679998,120,480,480.0
462,Slight,None,None,14503.817272799997,14503.817272799997,0.0,0.0,5,10,0.0
463,None,None,None,0.0,0.0,0.0,0.0,0,0,0.0
464,Moderate,Moderate,Slight,362595.43181999994,67684.48060639999,207888.04757679996,87022.90363679998,30,120,60.0
465,Slight,Slight,None,58015.269091199996,14503.817272799997,43511.4518184,0.0,5,10,0.0
466,Slight,None,None,14503.817272799997,14503.817272799997,0.0,0.0,5,10,0.0
467,None,Slight,None,43511.4518184,0.0,43511.4518184,0.0,0,0,0.0
468,Extensive,Extensive,Moderate,1812977.1590999998,333587.79727439996,1029771.0263687999,449618.33545679995,120,480,480.0
469,Extensive,Extensive,Moderate,1812977.1590999998,333587.79727439996,1029771.0263687999,449618.33545679995,120,480,480.0
470,None,None,None,0.0,0.0,0.0,0.0,0,0,0.0
471,Moderate,Moderate,Moderate,725190.8636399999,67684.48060639999,207888.04757679996,449618.33545679995,30,120,60.0
472,Moderate,Moderate,None,275572.52818319993,67684.48060639999,207888.04757679996,0.0,30,120,60.0
473,Complete,Complete,Slight,2808905.9451655997,667175.5945487999,2054707.4469799995,87022.90363679998,240,960,960.0
474,Moderate,Moderate,None,275572.52818319993,67684.48060639999,207888.04757679996,0.0,30,120,60.0
475,None,None,None,0.0,0.0,0.0,0.0,0,0,0.0
476,Slight,Slight,None,58015.269091199996,14503.817272799997,43511.4518184,0.0,5,10,0.0
477,Slight,Moderate,Slight,309414.7684863999,14503.817272799997,207888.04757679996,87022.90363679998,5,10,0.0
478,Slight,Slight,None,58015.269091199996,14503.817272799997,43511.4518184,0.0,5,10,0.0
479,None,None,None,0.0,0.0,0.0,0.0,0,0,0.0
480,Slight,Moderate,None,222391.86484959995,14503.817272799997,207888.04757679996,0.0,5,10,0.0
481,Moderate,Complete,Slight,2209414.8312231996,67684.48060639999,2054707.4469799995,87022.90363679998,30,120,60.0
482,Complete,Complete,Complete,7251908.636399999,667175.5945487999,2054707.4469799995,4530025.5948712,240,960,960.0
483,Extensive,Moderate,None,541475.8448511999,333587.79727439996,207888.04757679996,0.0,120,480,480.0
484,Extensive,Moderate,Extensive,2383460.6384968,333587.79727439996,207888.04757679996,1841984.7936455999,120,480,480.0
485,Moderate,Moderate,Moderate,725190.8636399999,67684.48060639999,207888.04757679996,449618.33545679995,30,120,60.0
486,Moderate,Moderate,None,275572.52818319993,67684.48060639999,207888.04757679996,0.0,30,120,60.0
487,Extensive,Extensive,Moderate,1812977.1590999998,333587.79727439996,1029771.0263687999,449618.33545679995,120,480,480.0
488,Complete,Complete,Complete,7251908.636399999,667175.5945487999,2054707.4469799995,4530025.5948712,240,960,960.0
489,Extensive,Complete,Moderate,2837913.5797111997,333587.79727439996,2054707.4469799995,449618.33545679995,120,480,480.0
490,Moderate,Moderate,Slight,362595.43181999994,67684.48060639999,207888.04757679996,87022.90363679998,30,120,60.0
491,Moderate,Extensive,None,1097455.5069751998,67684.48060639999,1029771.0263687999,0.0,30,120,60.0
492,None,None,None,0.0,0.0,0.0,0.0,0,0,0.0
493,Moderate,Moderate,None,275572.52818319993,67684.48060639999,207888.04757679996,0.0,30,120,60.0
494,Moderate,Slight,None,111195.93242479998,67684.48060639999,43511.4518184,0.0,30,120,60.0
495,None,None,None,0.0,0.0,0.0,0.0,0,0,0.0
496,Moderate,Moderate,None,275572.52818319993,67684.48060639999,207888.04757679996,0.0,30,120,60.0
497,Moderate,Moderate,Slight,362595.43181999994,67684.48060639999,207888.04757679996,87022.90363679998,30,120,60.0
498,Moderate,Extensive,Slight,1184478.4106119997,67684.48060639999,1029771.0263687999,87022.90363679998,30,120,60.0
499,Moderate,Moderate,Slight,362595.43181999994,67684.48060639999,207888.04757679996,87022.90363679998,30,120,60.0
