,DS_Struct,DS_NonStruct_DriftSen,DS_NonStruct_AccelSen,RepairCost_Total,RepairCost_Struct,RepairCost_NonStruct_DriftSen,RepairCost_NonStruct_AccelSen,RepairTime,RecoveryTime,FunctionLossTime
0,Moderate,Slight,None,157476.45643641596,115078.94893430397,42397.507502111985,0.0,30,90,9.0
1,Complete,Complete,Complete,9085180.179023998,1162903.0629150718,1992682.8525992632,5929594.263509663,240,480,144.0
2,Moderate,Slight,None,157476.45643641596,115078.94893430397,42397.507502111985,0.0,30,90,9.0
3,None,Moderate,Moderate,793439.0689680958,0.0,199873.96393852797,593565.1050295678,0,0,0.0
4,Moderate,Moderate,Moderate,908518.0179023998,115078.94893430397,199873.96393852797,593565.1050295678,30,90,9.0
5,Complete,Complete,Complete,9085180.179023998,1162903.0629150718,1992682.8525992632,5929594.263509663,240,480,144.0
6,None,None,None,0.0,0.0,0.0,0.0,0,0,0.0
7,None,None,None,0.0,0.0,0.0,0.0,0,0,0.0
8,None,None,Extensive,2386373.9936903035,0.0,0.0,2386373.9936903035,0,0,0.0
9,Moderate,Moderate,None,314952.9128728319,115078.94893430397,199873.96393852797,0.0,30,90,9.0
10,Extensive,Complete,Slight,2689213.332991103,581451.5314575359,1992682.8525992632,115078.94893430397,120,360,72.0
11,Complete,Complete,None,3155585.915514335,1162903.0629150718,1992682.8525992632,0.0,240,480,144.0
12,Extensive,Moderate,Moderate,1374890.6004256317,581451.5314575359,199873.96393852797,593565.1050295678,120,360,72.0
13,None,None,None,0.0,0.0,0.0,0.0,0,0,0.0
14,Complete,Complete,Complete,9085180.179023998,1162903.0629150718,1992682.8525992632,5929594.263509663,240,480,144.0
15,Slight,Slight,None,66624.65464617597,24227.147144063994,42397.507502111985,0.0,5,20,2.0
16,None,None,None,0.0,0.0,0.0,0.0,0,0,0.0
17,Moderate,Slight,Moderate,751041.5614659837,115078.94893430397,42397.507502111985,593565.1050295678,30,90,9.0
18,Complete,Complete,Complete,9085180.179023998,1162903.0629150718,1992682.8525992632,5929594.263509663,240,480,144.0
19,Extensive,Slight,Moderate,1217414.1439892156,581451.5314575359,42397.507502111985,593565.1050295678,120,360,72.0
20,None,None,None,0.0,0.0,0.0,0.0,0,0,0.0
21,Extensive,Moderate,None,781325.4953960639,581451.5314575359,199873.96393852797,0.0,120,360,72.0
22,None,None,None,0.0,0.0,0.0,0.0,0,0,0.0
23,Extensive,Extensive,Moderate,2168329.6693937276,581451.5314575359,993313.0329066237,593565.1050295678,120,360,72.0
24,Slight,Slight,Slight,181703.60358047995,24227.147144063994,42397.507502111985,115078.94893430397,5,20,2.0
25,None,None,None,0.0,0.0,0.0,0.0,0,0,0.0
26,Moderate,Moderate,None,314952.9128728319,115078.94893430397,199873.96393852797,0.0,30,90,9.0
27,Moderate,Slight,None,157476.45643641596,115078.94893430397,42397.507502111985,0.0,30,90,9.0
28,None,None,None,0.0,0.0,0.0,0.0,0,0,0.0
29,Extensive,Slight,Moderate,1217414.1439892156,581451.5314575359,42397.507502111985,593565.1050295678,120,360,72.0
30,None,Slight,None,42397.507502111985,0.0,42397.507502111985,0.0,0,0,0.0
31,None,Slight,None,42397.507502111985,0.0,42397.507502111985,0.0,0,0,0.0
32,Moderate,None,None,115078.94893430397,115078.94893430397,0.0,0.0,30,90,9.0
33,None,None,None,0.0,0.0,0.0,0.0,0,0,0.0
34,None,None,None,0.0,0.0,0.0,0.0,0,0,0.0
35,Moderate,Moderate,Slight,430031.86180713587,115078.94893430397,199873.96393852797,115078.94893430397,30,90,9.0
36,Extensive,Moderate,None,781325.4953960639,581451.5314575359,199873.96393852797,0.0,120,360,72.0
37,None,None,None,0.0,0.0,0.0,0.0,0,0,0.0
38,Slight,Moderate,None,224101.11108259196,24227.147144063994,199873.96393852797,0.0,5,20,2.0
39,Moderate,Extensive,Slight,1223470.9307752317,115078.94893430397,993313.0329066237,115078.94893430397,30,90,9.0
40,None,None,None,0.0,0.0,0.0,0.0,0,0,0.0
41,Slight,Moderate,None,224101.11108259196,24227.147144063994,199873.96393852797,0.0,5,20,2.0
42,None,None,None,0.0,0.0,0.0,0.0,0,0,0.0
43,None,None,None,0.0,0.0,0.0,0.0,0,0,0.0
44,None,Slight,None,42397.507502111985,0.0,42397.507502111985,0.0,0,0,0.0
45,None,None,None,0.0,0.0,0.0,0.0,0,0,0.0
46,None,None,None,0.0,0.0,0.0,0.0,0,0,0.0
47,Slight,Slight,None,66624.65464617597,24227.147144063994,42397.507502111985,0.0,5,20,2.0
48,Slight,Moderate,Slight,339180.06001689594,24227.147144063994,199873.96393852797,115078.94893430397,5,20,2.0
49,Complete,Extensive,Moderate,2749781.2008512635,1162903.0629150718,993313.0329066237,593565.1050295678,240,480,144.0
50,None,None,None,0.0,0.0,0.0,0.0,0,0,0.0
51,Complete,Complete,Moderate,3749151.020543903,1162903.0629150718,1992682.8525992632,593565.1050295678,240,480,144.0
52,Moderate,Slight,Slight,272555.40537071996,115078.94893430397,42397.507502111985,115078.94893430397,30,90,9.0
53,Moderate,Moderate,None,314952.9128728319,115078.94893430397,199873.96393852797,0.0,30,90,9.0
54,None,Slight,None,42397.507502111985,0.0,42397.507502111985,0.0,0,0,0.0
55,Complete,Complete,Complete,9085180.179023998,1162903.0629150718,1992682.8525992632,5929594.263509663,240,480,144.0
56,Complete,Complete,Complete,9085180.179023998,1162903.0629150718,1992682.8525992632,5929594.263509663,240,480,144.0
57,Slight,None,None,24227.147144063994,24227.147144063994,0.0,0.0,5,20,2.0
58,None,None,None,0.0,0.0,0.0,0.0,0,0,0.0
59,Moderate,Slight,None,157476.45643641596,115078.94893430397,42397.507502111985,0.0,30,90,9.0
60,Complete,Complete,Complete,9085180.179023998,1162903.0629150718,1992682.8525992632,5929594.263509663,240,480,144.0
61,Extensive,Moderate,Moderate,1374890.6004256317,581451.5314575359,199873.96393852797,593565.1050295678,120,360,72.0
62,None,None,Slight,115078.94893430397,0.0,0.0,115078.94893430397,0,0,0.0
63,None,Slight,None,42397.507502111985,0.0,42397.507502111985,0.0,0,0,0.0
64,Moderate,Slight,Slight,272555.40537071996,115078.94893430397,42397.507502111985,115078.94893430397,30,90,9.0
65,Moderate,Moderate,Slight,430031.86180713587,115078.94893430397,199873.96393852797,115078.94893430397,30,90,9.0
66,Moderate,Moderate,None,314952.9128728319,115078.94893430397,199873.96393852797,0.0,30,90,9.0
67,Slight,Slight,None,66624.65464617597,24227.147144063994,42397.507502111985,0.0,5,20,2.0
68,Complete,Complete,Complete,9085180.179023998,1162903.0629150718,1992682.8525992632,5929594.263509663,240,480,144.0
69,Slight,Moderate,Slight,339180.06001689594,24227.147144063994,199873.96393852797,115078.94893430397,5,20,2.0
70,Moderate,Slight,None,157476.45643641596,115078.94893430397,42397.507502111985,0.0,30,90,9.0
71,Moderate,Slight,None,157476.45643641596,115078.94893430397,42397.507502111985,0.0,30,90,9.0
72,Moderate,Slight,Moderate,751041.5614659837,115078.94893430397,42397.507502111985,593565.1050295678,30,90,9.0
73,Moderate,Slight,None,157476.45643641596,115078.94893430397,42397.507502111985,0.0,30,90,9.0
74,None,None,None,0.0,0.0,0.0,0.0,0,0,0.0
75,Moderate,Slight,Slight,272555.40537071996,115078.94893430397,42397.507502111985,115078.94893430397,30,90,9.0
76,Complete,Complete,Complete,9085180.179023998,1162903.0629150718,1992682.8525992632,5929594.263509663,240,480,144.0
77,Moderate,Slight,None,157476.45643641596,115078.94893430397,42397.507502111985,0.0,30,90,9.0
78,None,None,None,0.0,0.0,0.0,0.0,0,0,0.0
79,Moderate,Moderate,None,314952.9128728319,115078.94893430397,199873.96393852797,0.0,30,90,9.0
80,None,None,None,0.0,0.0,0.0,0.0,0,0,0.0
81,None,None,None,0.0,0.0,0.0,0.0,0,0,0.0
82,None,None,None,0.0,0.0,0.0,0.0,0,0,0.0
83,Complete,Complete,Complete,9085180.179023998,1162903.0629150718,1992682.8525992632,5929594.263509663,240,480,144.0
84,Moderate,Moderate,Slight,430031.86180713587,115078.94893430397,199873.96393852797,115078.94893430397,30,90,9.0
85,Complete,Complete,Complete,9085180.179023998,1162903.0629150718,1992682.8525992632,5929594.263509663,240,480,144.0
86,Moderate,Slight,Slight,272555.40537071996,115078.94893430397,42397.507502111985,115078.94893430397,30,90,9.0
87,Complete,Complete,Extensive,5541959.909204639,1162903.0629150718,1992682.8525992632,2386373.9936903035,240,480,144.0
88,Slight,Slight,None,66624.65464617597,24227.147144063994,42397.507502111985,0.0,5,20,2.0
89,Extensive,Moderate,None,781325.4953960639,581451.5314575359,199873.96393852797,0.0,120,360,72.0
90,None,None,None,0.0,0.0,0.0,0.0,0,0,0.0
91,Extensive,Extensive,Moderate,2168329.6693937276,581451.5314575359,993313.0329066237,593565.1050295678,120,360,72.0
92,None,None,Slight,115078.94893430397,0.0,0.0,115078.94893430397,0,0,0.0
93,Complete,Complete,Complete,9085180.179023998,1162903.0629150718,1992682.8525992632,5929594.263509663,240,480,144.0
94,None,None,None,0.0,0.0,0.0,0.0,0,0,0.0
95,None,None,None,0.0,0.0,0.0,0.0,0,0,0.0
96,Slight,Slight,None,66624.65464617597,24227.147144063994,42397.507502111985,0.0,5,20,2.0
97,Slight,None,None,24227.147144063994,24227.147144063994,0.0,0.0,5,20,2.0
98,Moderate,Slight,None,157476.45643641596,115078.94893430397,42397.507502111985,0.0,30,90,9.0
99,None,None,Slight,115078.94893430397,0.0,0.0,115078.94893430397,0,0,0.0
100,None,None,None,0.0,0.0,0.0,0.0,0,0,0.0
101,Moderate,Slight,Slight,272555.40537071996,115078.94893430397,42397.507502111985,115078.94893430397,30,90,9.0
102,None,None,None,0.0,0.0,0.0,0.0,0,0,0.0
103,Complete,Complete,Complete,9085180.179023998,1162903.0629150718,1992682.8525992632,5929594.263509663,240,480,144.0
104,None,None,None,0.0,0.0,0.0,0.0,0,0,0.0
105,Complete,Complete,Complete,9085180.179023998,1162903.0629150718,1992682.8525992632,5929594.263509663,240,480,144.0
106,None,None,None,0.0,0.0,0.0,0.0,0,0,0.0
107,None,None,None,0.0,0.0,0.0,0.0,0,0,0.0
108,None,Moderate,Slight,314952.9128728319,0.0,199873.96393852797,115078.94893430397,0,0,0.0
109,Complete,Complete,Complete,9085180.179023998,1162903.0629150718,1992682.8525992632,5929594.263509663,240,480,144.0
110,None,None,None,0.0,0.0,0.0,0.0,0,0,0.0
111,Moderate,Slight,Slight,272555.40537071996,115078.94893430397,42397.507502111985,115078.94893430397,30,90,9.0
112,None,Slight,None,42397.507502111985,0.0,42397.507502111985,0.0,0,0,0.0
113,Moderate,Slight,Moderate,751041.5614659837,115078.94893430397,42397.507502111985,593565.1050295678,30,90,9.0
114,None,None,None,0.0,0.0,0.0,0.0,0,0,0.0
115,Extensive,Extensive,Slight,1689843.5132984635,581451.5314575359,993313.0329066237,115078.94893430397,120,360,72.0
116,Complete,Complete,Complete,9085180.179023998,1162903.0629150718,1992682.8525992632,5929594.263509663,240,480,144.0
117,Moderate,Moderate,None,314952.9128728319,115078.94893430397,199873.96393852797,0.0,30,90,9.0
118,Complete,Complete,Complete,9085180.179023998,1162903.0629150718,1992682.8525992632,5929594.263509663,240,480,144.0
119,Extensive,Extensive,None,1574764.5643641595,581451.5314575359,993313.0329066237,0.0,120,360,72.0
120,Complete,Complete,Complete,9085180.179023998,1162903.0629150718,1992682.8525992632,5929594.263509663,240,480,144.0
121,Extensive,Extensive,Extensive,3961138.558054463,581451.5314575359,993313.0329066237,2386373.9936903035,120,360,72.0
122,Complete,Complete,Complete,9085180.179023998,1162903.0629150718,1992682.8525992632,5929594.263509663,240,480,144.0
123,Complete,Complete,Complete,9085180.179023998,1162903.0629150718,1992682.8525992632,5929594.263509663,240,480,144.0
124,Moderate,Moderate,None,314952.9128728319,115078.94893430397,199873.96393852797,0.0,30,90,9.0
125,Extensive,Moderate,None,781325.4953960639,581451.5314575359,199873.96393852797,0.0,120,360,72.0
126,None,None,None,0.0,0.0,0.0,0.0,0,0,0.0
127,None,None,None,0.0,0.0,0.0,0.0,0,0,0.0
128,Extensive,Moderate,None,781325.4953960639,581451.5314575359,199873.96393852797,0.0,120,360,72.0
129,Slight,Slight,None,66624.65464617597,24227.147144063994,42397.507502111985,0.0,5,20,2.0
130,Slight,None,None,24227.147144063994,24227.147144063994,0.0,0.0,5,20,2.0
131,Complete,Complete,Complete,9085180.179023998,1162903.0629150718,1992682.8525992632,5929594.263509663,240,480,144.0
132,Slight,None,None,24227.147144063994,24227.147144063994,0.0,0.0,5,20,2.0
133,Moderate,Moderate,Extensive,2701326.9065631353,115078.94893430397,199873.96393852797,2386373.9936903035,30,90,9.0
134,Slight,Moderate,None,224101.11108259196,24227.147144063994,199873.96393852797,0.0,5,20,2.0
135,None,None,None,0.0,0.0,0.0,0.0,0,0,0.0
136,None,None,None,0.0,0.0,0.0,0.0,0,0,0.0
137,None,None,Slight,115078.94893430397,0.0,0.0,115078.94893430397,0,0,0.0
138,Extensive,Moderate,None,781325.4953960639,581451.5314575359,199873.96393852797,0.0,120,360,72.0
139,None,None,Slight,115078.94893430397,0.0,0.0,115078.94893430397,0,0,0.0
140,Complete,Complete,Complete,9085180.179023998,1162903.0629150718,1992682.8525992632,5929594.263509663,240,480,144.0
141,Extensive,Moderate,Slight,896404.4443303678,581451.5314575359,199873.96393852797,115078.94893430397,120,360,72.0
142,None,None,Slight,115078.94893430397,0.0,0.0,115078.94893430397,0,0,0.0
143,Moderate,Slight,None,157476.45643641596,115078.94893430397,42397.507502111985,0.0,30,90,9.0
144,None,None,None,0.0,0.0,0.0,0.0,0,0,0.0
145,Slight,Moderate,None,224101.11108259196,24227.147144063994,199873.96393852797,0.0,5,20,2.0
146,Extensive,Extensive,None,1574764.5643641595,581451.5314575359,993313.0329066237,0.0,120,360,72.0
147,Complete,Complete,Complete,9085180.179023998,1162903.0629150718,1992682.8525992632,5929594.263509663,240,480,144.0
148,Moderate,Slight,Slight,272555.40537071996,115078.94893430397,42397.507502111985,115078.94893430397,30,90,9.0
149,Moderate,Moderate,Slight,430031.86180713587,115078.94893430397,199873.96393852797,115078.94893430397,30,90,9.0
150,Moderate,Moderate,None,314952.9128728319,115078.94893430397,199873.96393852797,0.0,30,90,9.0
151,Extensive,Moderate,Slight,896404.4443303678,581451.5314575359,199873.96393852797,115078.94893430397,120,360,72.0
152,None,None,None,0.0,0.0,0.0,0.0,0,0,0.0
153,Extensive,Moderate,Slight,896404.4443303678,581451.5314575359,199873.96393852797,115078.94893430397,120,360,72.0
154,Extensive,Moderate,Slight,896404.4443303678,581451.5314575359,199873.96393852797,115078.94893430397,120,360,72.0
155,None,None,None,0.0,0.0,0.0,0.0,0,0,0.0
156,None,None,None,0.0,0.0,0.0,0.0,0,0,0.0
157,None,None,None,0.0,0.0,0.0,0.0,0,0,0.0
158,None,None,None,0.0,0.0,0.0,0.0,0,0,0.0
159,Extensive,Moderate,Slight,896404.4443303678,581451.5314575359,199873.96393852797,115078.94893430397,120,360,72.0
160,Moderate,Moderate,Slight,430031.86180713587,115078.94893430397,199873.96393852797,115078.94893430397,30,90,9.0
161,Extensive,Moderate,Moderate,1374890.6004256317,581451.5314575359,199873.96393852797,593565.1050295678,120,360,72.0
162,Complete,Complete,Complete,9085180.179023998,1162903.0629150718,1992682.8525992632,5929594.263509663,240,480,144.0
163,Extensive,Extensive,Slight,1689843.5132984635,581451.5314575359,993313.0329066237,115078.94893430397,120,360,72.0
164,None,Slight,None,42397.507502111985,0.0,42397.507502111985,0.0,0,0,0.0
165,Extensive,Extensive,Moderate,2168329.6693937276,581451.5314575359,993313.0329066237,593565.1050295678,120,360,72.0
166,None,None,None,0.0,0.0,0.0,0.0,0,0,0.0
167,Moderate,Moderate,Moderate,908518.0179023998,115078.94893430397,199873.96393852797,593565.1050295678,30,90,9.0
168,Moderate,Moderate,None,314952.9128728319,115078.94893430397,199873.96393852797,0.0,30,90,9.0
169,Complete,Complete,Complete,9085180.179023998,1162903.0629150718,1992682.8525992632,5929594.263509663,240,480,144.0
170,None,None,None,0.0,0.0,0.0,0.0,0,0,0.0
171,Moderate,Moderate,None,314952.9128728319,115078.94893430397,199873.96393852797,0.0,30,90,9.0
172,Slight,None,None,24227.147144063994,24227.147144063994,0.0,0.0,5,20,2.0
173,Complete,Moderate,Extensive,3749151.020543903,1162903.0629150718,199873.96393852797,2386373.9936903035,240,480,144.0
174,Complete,Complete,Complete,9085180.179023998,1162903.0629150718,1992682.8525992632,5929594.263509663,240,480,144.0
175,None,None,None,0.0,0.0,0.0,0.0,0,0,0.0
176,Complete,Complete,Complete,9085180.179023998,1162903.0629150718,1992682.8525992632,5929594.263509663,240,480,144.0
177,Slight,Slight,Slight,181703.60358047995,24227.147144063994,42397.507502111985,115078.94893430397,5,20,2.0
178,Moderate,Slight,Slight,272555.40537071996,115078.94893430397,42397.507502111985,115078.94893430397,30,90,9.0
179,Moderate,Slight,None,157476.45643641596,115078.94893430397,42397.507502111985,0.0,30,90,9.0
180,None,Slight,Slight,157476.45643641596,0.0,42397.507502111985,115078.94893430397,0,0,0.0
181,Moderate,Moderate,Slight,430031.86180713587,115078.94893430397,199873.96393852797,115078.94893430397,30,90,9.0
182,Extensive,Moderate,None,781325.4953960639,581451.5314575359,199873.96393852797,0.0,120,360,72.0
183,Slight,Slight,Moderate,660189.7596757438,24227.147144063994,42397.507502111985,593565.1050295678,5,20,2.0
184,None,None,None,0.0,0.0,0.0,0.0,0,0,0.0
185,None,Slight,None,42397.507502111985,0.0,42397.507502111985,0.0,0,0,0.0
186,None,Slight,None,42397.507502111985,0.0,42397.507502111985,0.0,0,0,0.0
187,Complete,Complete,Complete,9085180.179023998,1162903.0629150718,1992682.8525992632,5929594.263509663,240,480,144.0
188,Slight,Slight,Slight,181703.60358047995,24227.147144063994,42397.507502111985,115078.94893430397,5,20,2.0
189,None,None,None,0.0,0.0,0.0,0.0,0,0,0.0
190,Complete,Complete,Complete,9085180.179023998,1162903.0629150718,1992682.8525992632,5929594.263509663,240,480,144.0
191,Moderate,Slight,None,157476.45643641596,115078.94893430397,42397.507502111985,0.0,30,90,9.0
192,Moderate,Extensive,Moderate,1701957.0868704955,115078.94893430397,993313.0329066237,593565.1050295678,30,90,9.0
193,Moderate,Slight,None,157476.45643641596,115078.94893430397,42397.507502111985,0.0,30,90,9.0
194,None,None,None,0.0,0.0,0.0,0.0,0,0,0.0
195,Complete,Complete,Complete,9085180.179023998,1162903.0629150718,1992682.8525992632,5929594.263509663,240,480,144.0
196,Complete,Complete,Complete,9085180.179023998,1162903.0629150718,1992682.8525992632,5929594.263509663,240,480,144.0
197,Moderate,Slight,None,157476.45643641596,115078.94893430397,42397.507502111985,0.0,30,90,9.0
198,None,Slight,None,42397.507502111985,0.0,42397.507502111985,0.0,0,0,0.0
199,Moderate,Moderate,Slight,430031.86180713587,115078.94893430397,199873.96393852797,115078.94893430397,30,90,9.0
200,Complete,Extensive,Slight,2271295.0447559995,1162903.0629150718,993313.0329066237,115078.94893430397,240,480,144.0
201,Slight,None,Slight,139306.09607836796,24227.147144063994,0.0,115078.94893430397,5,20,2.0
202,None,None,None,0.0,0.0,0.0,0.0,0,0,0.0
203,Extensive,Moderate,None,781325.4953960639,581451.5314575359,199873.96393852797,0.0,120,360,72.0
204,None,None,None,0.0,0.0,0.0,0.0,0,0,0.0
205,Moderate,Slight,None,157476.45643641596,115078.94893430397,42397.507502111985,0.0,30,90,9.0
206,Moderate,Slight,None,157476.45643641596,115078.94893430397,42397.507502111985,0.0,30,90,9.0
207,None,None,None,0.0,0.0,0.0,0.0,0,0,0.0
208,Extensive,Moderate,Slight,896404.4443303678,581451.5314575359,199873.96393852797,115078.94893430397,120,360,72.0
209,Moderate,Moderate,None,314952.9128728319,115078.94893430397,199873.96393852797,0.0,30,90,9.0
210,None,None,None,0.0,0.0,0.0,0.0,0,0,0.0
211,None,None,None,0.0,0.0,0.0,0.0,0,0,0.0
212,Slight,Slight,None,66624.65464617597,24227.147144063994,42397.507502111985,0.0,5,20,2.0
213,None,None,None,0.0,0.0,0.0,0.0,0,0,0.0
214,Extensive,Extensive,Extensive,3961138.558054463,581451.5314575359,993313.0329066237,2386373.9936903035,120,360,72.0
215,Moderate,Extensive,None,1108391.9818409276,115078.94893430397,993313.0329066237,0.0,30,90,9.0
216,None,None,Slight,115078.94893430397,0.0,0.0,115078.94893430397,0,0,0.0
217,None,None,None,0.0,0.0,0.0,0.0,0,0,0.0
218,None,Slight,None,42397.507502111985,0.0,42397.507502111985,0.0,0,0,0.0
219,None,None,None,0.0,0.0,0.0,0.0,0,0,0.0
220,None,None,None,0.0,0.0,0.0,0.0,0,0,0.0
221,Extensive,Extensive,Moderate,2168329.6693937276,581451.5314575359,993313.0329066237,593565.1050295678,120,360,72.0
222,None,Slight,Slight,157476.45643641596,0.0,42397.507502111985,115078.94893430397,0,0,0.0
223,None,None,None,0.0,0.0,0.0,0.0,0,0,0.0
224,None,None,None,0.0,0.0,0.0,0.0,0,0,0.0
225,None,None,None,0.0,0.0,0.0,0.0,0,0,0.0
226,Extensive,Extensive,Slight,1689843.5132984635,581451.5314575359,993313.0329066237,115078.94893430397,120,360,72.0
227,None,Slight,None,42397.507502111985,0.0,42397.507502111985,0.0,0,0,0.0
228,Complete,Complete,Complete,9085180.179023998,1162903.0629150718,1992682.8525992632,5929594.263509663,240,480,144.0
229,None,None,None,0.0,0.0,0.0,0.0,0,0,0.0
230,Slight,None,None,24227.147144063994,24227.147144063994,0.0,0.0,5,20,2.0
231,Moderate,Moderate,None,314952.9128728319,115078.94893430397,199873.96393852797,0.0,30,90,9.0
232,Moderate,Moderate,None,314952.9128728319,115078.94893430397,199873.96393852797,0.0,30,90,9.0
233,Extensive,Moderate,None,781325.4953960639,581451.5314575359,199873.96393852797,0.0,120,360,72.0
234,Complete,Complete,Complete,9085180.179023998,1162903.0629150718,1992682.8525992632,5929594.263509663,240,480,144.0
235,Moderate,Extensive,Slight,1223470.9307752317,115078.94893430397,993313.0329066237,115078.94893430397,30,90,9.0
236,Moderate,Moderate,None,314952.9128728319,115078.94893430397,199873.96393852797,0.0,30,90,9.0
237,None,None,None,0.0,0.0,0.0,0.0,0,0,0.0
238,Moderate,Moderate,Moderate,908518.0179023998,115078.94893430397,199873.96393852797,593565.1050295678,30,90,9.0
239,None,None,None,0.0,0.0,0.0,0.0,0,0,0.0
240,Moderate,Extensive,Slight,1223470.9307752317,115078.94893430397,993313.0329066237,115078.94893430397,30,90,9.0
241,Extensive,Complete,Moderate,3167699.489086367,581451.5314575359,1992682.8525992632,593565.1050295678,120,360,72.0
242,None,Slight,None,42397.507502111985,0.0,42397.507502111985,0.0,0,0,0.0
243,None,None,None,0.0,0.0,0.0,0.0,0,0,0.0
244,Complete,Complete,Extensive,5541959.909204639,1162903.0629150718,1992682.8525992632,2386373.9936903035,240,480,144.0
245,Extensive,Extensive,Extensive,3961138.558054463,581451.5314575359,993313.0329066237,2386373.9936903035,120,360,72.0
246,Extensive,Complete,None,2574134.384056799,581451.5314575359,1992682.8525992632,0.0,120,360,72.0
247,Slight,None,None,24227.147144063994,24227.147144063994,0.0,0.0,5,20,2.0
248,Slight,Extensive,None,1017540.1800506876,24227.147144063994,993313.0329066237,0.0,5,20,2.0
249,Extensive,Extensive,None,1574764.5643641595,581451.5314575359,993313.0329066237,0.0,120,360,72.0
250,None,None,None,0.0,0.0,0.0,0.0,0,0,0.0
251,Extensive,Moderate,Slight,896404.4443303678,581451.5314575359,199873.96393852797,115078.94893430397,120,360,72.0
252,Extensive,Moderate,Slight,896404.4443303678,581451.5314575359,199873.96393852797,115078.94893430397,120,360,72.0
253,Moderate,Moderate,Slight,430031.86180713587,115078.94893430397,199873.96393852797,115078.94893430397,30,90,9.0
254,Moderate,Moderate,None,314952.9128728319,115078.94893430397,199873.96393852797,0.0,30,90,9.0
255,Extensive,Moderate,None,781325.4953960639,581451.5314575359,199873.96393852797,0.0,120,360,72.0
256,None,Slight,None,42397.507502111985,0.0,42397.507502111985,0.0,0,0,0.0
257,Moderate,Extensive,None,1108391.9818409276,115078.94893430397,993313.0329066237,0.0,30,90,9.0
258,Moderate,Moderate,None,314952.9128728319,115078.94893430397,199873.96393852797,0.0,30,90,9.0
259,Complete,Complete,Complete,9085180.179023998,1162903.0629150718,1992682.8525992632,5929594.263509663,240,480,144.0
260,None,None,None,0.0,0.0,0.0,0.0,0,0,0.0
261,None,None,None,0.0,0.0,0.0,0.0,0,0,0.0
262,Moderate,Extensive,Slight,1223470.9307752317,115078.94893430397,993313.0329066237,115078.94893430397,30,90,9.0
263,Moderate,Moderate,Slight,430031.86180713587,115078.94893430397,199873.96393852797,115078.94893430397,30,90,9.0
264,None,None,Slight,115078.94893430397,0.0,0.0,115078.94893430397,0,0,0.0
265,Extensive,Moderate,None,781325.4953960639,581451.5314575359,199873.96393852797,0.0,120,360,72.0
266,None,None,None,0.0,0.0,0.0,0.0,0,0,0.0
267,Slight,Slight,None,66624.65464617597,24227.147144063994,42397.507502111985,0.0,5,20,2.0
268,None,None,Slight,115078.94893430397,0.0,0.0,115078.94893430397,0,0,0.0
269,Moderate,Moderate,None,314952.9128728319,115078.94893430397,199873.96393852797,0.0,30,90,9.0
270,None,None,None,0.0,0.0,0.0,0.0,0,0,0.0
271,Slight,None,Slight,139306.09607836796,24227.147144063994,0.0,115078.94893430397,5,20,2.0
272,None,None,None,0.0,0.0,0.0,0.0,0,0,0.0
273,Moderate,None,None,115078.94893430397,115078.94893430397,0.0,0.0,30,90,9.0
274,None,None,None,0.0,0.0,0.0,0.0,0,0,0.0
275,None,None,None,0.0,0.0,0.0,0.0,0,0,0.0
276,Moderate,Slight,Slight,272555.40537071996,115078.94893430397,42397.507502111985,115078.94893430397,30,90,9.0
277,None,None,None,0.0,0.0,0.0,0.0,0,0,0.0
278,Moderate,Moderate,Slight,430031.86180713587,115078.94893430397,199873.96393852797,115078.94893430397,30,90,9.0
279,None,Moderate,None,199873.96393852797,0.0,199873.96393852797,0.0,0,0,0.0
280,None,None,None,0.0,0.0,0.0,0.0,0,0,0.0
281,Moderate,None,None,115078.94893430397,115078.94893430397,0.0,0.0,30,90,9.0
282,None,None,None,0.0,0.0,0.0,0.0,0,0,0.0
283,Complete,Complete,Complete,9085180.179023998,1162903.0629150718,1992682.8525992632,5929594.263509663,240,480,144.0
284,Extensive,Moderate,Moderate,1374890.6004256317,581451.5314575359,199873.96393852797,593565.1050295678,120,360,72.0
285,Moderate,Moderate,Moderate,908518.0179023998,115078.94893430397,199873.96393852797,593565.1050295678,30,90,9.0
286,Moderate,Moderate,None,314952.9128728319,115078.94893430397,199873.96393852797,0.0,30,90,9.0
287,Moderate,Moderate,Moderate,908518.0179023998,115078.94893430397,199873.96393852797,593565.1050295678,30,90,9.0
288,Moderate,Moderate,None,314952.9128728319,115078.94893430397,199873.96393852797,0.0,30,90,9.0
289,Complete,Complete,Complete,9085180.179023998,1162903.0629150718,1992682.8525992632,5929594.263509663,240,480,144.0
290,Moderate,Moderate,Moderate,908518.0179023998,115078.94893430397,199873.96393852797,593565.1050295678,30,90,9.0
291,Slight,None,None,24227.147144063994,24227.147144063994,0.0,0.0,5,20,2.0
292,Slight,None,None,24227.147144063994,24227.147144063994,0.0,0.0,5,20,2.0
293,Complete,Complete,Complete,9085180.179023998,1162903.0629150718,1992682.8525992632,5929594.263509663,240,480,144.0
294,Extensive,Moderate,None,781325.4953960639,581451.5314575359,199873.96393852797,0.0,120,360,72.0
295,None,None,None,0.0,0.0,0.0,0.0,0,0,0.0
296,Moderate,Moderate,None,314952.9128728319,115078.94893430397,199873.96393852797,0.0,30,90,9.0
297,Extensive,Slight,None,623849.0389596479,581451.5314575359,42397.507502111985,0.0,120,360,72.0
298,Moderate,Slight,None,157476.45643641596,115078.94893430397,42397.507502111985,0.0,30,90,9.0
299,Extensive,Extensive,Slight,1689843.5132984635,581451.5314575359,993313.0329066237,115078.94893430397,120,360,72.0
300,Slight,Slight,None,66624.65464617597,24227.147144063994,42397.507502111985,0.0,5,20,2.0
301,None,Slight,None,42397.507502111985,0.0,42397.507502111985,0.0,0,0,0.0
302,None,None,Slight,115078.94893430397,0.0,0.0,115078.94893430397,0,0,0.0
303,None,None,None,0.0,0.0,0.0,0.0,0,0,0.0
304,Extensive,Complete,Slight,2689213.332991103,581451.5314575359,1992682.8525992632,115078.94893430397,120,360,72.0
305,Complete,Complete,Complete,9085180.179023998,1162903.0629150718,1992682.8525992632,5929594.263509663,240,480,144.0
306,Moderate,Extensive,None,1108391.9818409276,115078.94893430397,993313.0329066237,0.0,30,90,9.0
307,Extensive,Moderate,Slight,896404.4443303678,581451.5314575359,199873.96393852797,115078.94893430397,120,360,72.0
308,Extensive,Extensive,Slight,1689843.5132984635,581451.5314575359,993313.0329066237,115078.94893430397,120,360,72.0
309,Moderate,Slight,None,157476.45643641596,115078.94893430397,42397.507502111985,0.0,30,90,9.0
310,None,None,None,0.0,0.0,0.0,0.0,0,0,0.0
311,Extensive,Moderate,None,781325.4953960639,581451.5314575359,199873.96393852797,0.0,120,360,72.0
312,Slight,Slight,None,66624.65464617597,24227.147144063994,42397.507502111985,0.0,5,20,2.0
313,Extensive,Moderate,Slight,896404.4443303678,581451.5314575359,199873.96393852797,115078.94893430397,120,360,72.0
314,Moderate,Moderate,Slight,430031.86180713587,115078.94893430397,199873.96393852797,115078.94893430397,30,90,9.0
315,Complete,Moderate,Slight,1477855.9757879039,1162903.0629150718,199873.96393852797,115078.94893430397,240,480,144.0
316,None,None,None,0.0,0.0,0.0,0.0,0,0,0.0
317,None,None,None,0.0,0.0,0.0,0.0,0,0,0.0
318,None,None,None,0.0,0.0,0.0,0.0,0,0,0.0
319,None,Moderate,None,199873.96393852797,0.0,199873.96393852797,0.0,0,0,0.0
320,Complete,Complete,Complete,9085180.179023998,1162903.0629150718,1992682.8525992632,5929594.263509663,240,480,144.0
321,None,None,None,0.0,0.0,0.0,0.0,0,0,0.0
322,Moderate,None,Slight,230157.89786860795,115078.94893430397,0.0,115078.94893430397,30,90,9.0
323,Moderate,Extensive,Slight,1223470.9307752317,115078.94893430397,993313.0329066237,115078.94893430397,30,90,9.0
324,None,None,None,0.0,0.0,0.0,0.0,0,0,0.0
325,Slight,Moderate,None,224101.11108259196,24227.147144063994,199873.96393852797,0.0,5,20,2.0
326,Slight,None,None,24227.147144063994,24227.147144063994,0.0,0.0,5,20,2.0
327,Complete,Extensive,Slight,2271295.0447559995,1162903.0629150718,993313.0329066237,115078.94893430397,240,480,144.0
328,Complete,Complete,Complete,9085180.179023998,1162903.0629150718,1992682.8525992632,5929594.263509663,240,480,144.0
329,Slight,None,None,24227.147144063994,24227.147144063994,0.0,0.0,5,20,2.0
330,None,None,None,0.0,0.0,0.0,0.0,0,0,0.0
331,Complete,Complete,Complete,9085180.179023998,1162903.0629150718,1992682.8525992632,5929594.263509663,240,480,144.0
332,None,None,None,0.0,0.0,0.0,0.0,0,0,0.0
333,None,None,None,0.0,0.0,0.0,0.0,0,0,0.0
334,Extensive,Moderate,Slight,896404.4443303678,581451.5314575359,199873.96393852797,115078.94893430397,120,360,72.0
335,None,None,None,0.0,0.0,0.0,0.0,0,0,0.0
336,Moderate,Moderate,Slight,430031.86180713587,115078.94893430397,199873.96393852797,115078.94893430397,30,90,9.0
337,Moderate,Moderate,Slight,430031.86180713587,115078.94893430397,199873.96393852797,115078.94893430397,30,90,9.0
338,None,None,None,0.0,0.0,0.0,0.0,0,0,0.0
339,None,None,None,0.0,0.0,0.0,0.0,0,0,0.0
340,None,None,None,0.0,0.0,0.0,0.0,0,0,0.0
341,None,None,None,0.0,0.0,0.0,0.0,0,0,0.0
342,Complete,Complete,Complete,9085180.179023998,1162903.0629150718,1992682.8525992632,5929594.263509663,240,480,144.0
343,Extensive,Slight,Slight,738927.9878939518,581451.5314575359,42397.507502111985,115078.94893430397,120,360,72.0
344,Complete,Complete,Complete,9085180.179023998,1162903.0629150718,1992682.8525992632,5929594.263509663,240,480,144.0
345,None,None,None,0.0,0.0,0.0,0.0,0,0,0.0
346,Moderate,Moderate,Slight,430031.86180713587,115078.94893430397,199873.96393852797,115078.94893430397,30,90,9.0
347,None,None,None,0.0,0.0,0.0,0.0,0,0,0.0
348,None,None,None,0.0,0.0,0.0,0.0,0,0,0.0
349,Complete,Complete,Complete,9085180.179023998,1162903.0629150718,1992682.8525992632,5929594.263509663,240,480,144.0
350,None,None,None,0.0,0.0,0.0,0.0,0,0,0.0
351,Complete,Complete,Complete,9085180.179023998,1162903.0629150718,1992682.8525992632,5929594.263509663,240,480,144.0
352,Moderate,Moderate,Moderate,908518.0179023998,115078.94893430397,199873.96393852797,593565.1050295678,30,90,9.0
353,None,None,None,0.0,0.0,0.0,0.0,0,0,0.0
354,None,None,None,0.0,0.0,0.0,0.0,0,0,0.0
355,None,None,None,0.0,0.0,0.0,0.0,0,0,0.0
356,None,None,None,0.0,0.0,0.0,0.0,0,0,0.0
357,None,Slight,Slight,157476.45643641596,0.0,42397.507502111985,115078.94893430397,0,0,0.0
358,Slight,Moderate,None,224101.11108259196,24227.147144063994,199873.96393852797,0.0,5,20,2.0
359,Extensive,Moderate,None,781325.4953960639,581451.5314575359,199873.96393852797,0.0,120,360,72.0
360,None,None,None,0.0,0.0,0.0,0.0,0,0,0.0
361,Complete,Complete,Complete,9085180.179023998,1162903.0629150718,1992682.8525992632,5929594.263509663,240,480,144.0
362,None,None,None,0.0,0.0,0.0,0.0,0,0,0.0
363,None,Slight,Slight,157476.45643641596,0.0,42397.507502111985,115078.94893430397,0,0,0.0
364,Slight,None,Slight,139306.09607836796,24227.147144063994,0.0,115078.94893430397,5,20,2.0
365,Moderate,Slight,Slight,272555.40537071996,115078.94893430397,42397.507502111985,115078.94893430397,30,90,9.0
366,Complete,Complete,Complete,9085180.179023998,1162903.0629150718,1992682.8525992632,5929594.263509663,240,480,144.0
367,None,None,None,0.0,0.0,0.0,0.0,0,0,0.0
368,Extensive,Extensive,Complete,7504358.827873822,581451.5314575359,993313.0329066237,5929594.263509663,120,360,72.0
369,None,Slight,Slight,157476.45643641596,0.0,42397.507502111985,115078.94893430397,0,0,0.0
370,None,None,None,0.0,0.0,0.0,0.0,0,0,0.0
371,Moderate,Moderate,Moderate,908518.0179023998,115078.94893430397,199873.96393852797,593565.1050295678,30,90,9.0
372,Moderate,Moderate,Slight,430031.86180713587,115078.94893430397,199873.96393852797,115078.94893430397,30,90,9.0
373,Slight,Slight,None,66624.65464617597,24227.147144063994,42397.507502111985,0.0,5,20,2.0
374,Extensive,Complete,Slight,2689213.332991103,581451.5314575359,1992682.8525992632,115078.94893430397,120,360,72.0
375,Moderate,Extensive,Slight,1223470.9307752317,115078.94893430397,993313.0329066237,115078.94893430397,30,90,9.0
376,Slight,Slight,Extensive,2452998.6483364794,24227.147144063994,42397.507502111985,2386373.9936903035,5,20,2.0
377,Complete,Complete,Complete,9085180.179023998,1162903.0629150718,1992682.8525992632,5929594.263509663,240,480,144.0
378,Complete,Complete,Complete,9085180.179023998,1162903.0629150718,1992682.8525992632,5929594.263509663,240,480,144.0
379,Slight,Slight,None,66624.65464617597,24227.147144063994,42397.507502111985,0.0,5,20,2.0
380,Extensive,Extensive,None,1574764.5643641595,581451.5314575359,993313.0329066237,0.0,120,360,72.0
381,Slight,Moderate,None,224101.11108259196,24227.147144063994,199873.96393852797,0.0,5,20,2.0
382,Moderate,Moderate,Slight,430031.86180713587,115078.94893430397,199873.96393852797,115078.94893430397,30,90,9.0
383,Complete,Complete,Complete,9085180.179023998,1162903.0629150718,1992682.8525992632,5929594.263509663,240,480,144.0
384,Complete,Extensive,Slight,2271295.0447559995,1162903.0629150718,993313.0329066237,115078.94893430397,240,480,144.0
385,Moderate,Moderate,None,314952.9128728319,115078.94893430397,199873.96393852797,0.0,30,90,9.0
386,Complete,Complete,Complete,9085180.179023998,1162903.0629150718,1992682.8525992632,5929594.263509663,240,480,144.0
387,Slight,None,None,24227.147144063994,24227.147144063994,0.0,0.0,5,20,2.0
388,Extensive,Extensive,Moderate,2168329.6693937276,581451.5314575359,993313.0329066237,593565.1050295678,120,360,72.0
389,Moderate,Extensive,Moderate,1701957.0868704955,115078.94893430397,993313.0329066237,593565.1050295678,30,90,9.0
390,None,None,None,0.0,0.0,0.0,0.0,0,0,0.0
391,Extensive,Moderate,Slight,896404.4443303678,581451.5314575359,199873.96393852797,115078.94893430397,120,360,72.0
392,Moderate,Moderate,None,314952.9128728319,115078.94893430397,199873.96393852797,0.0,30,90,9.0
393,None,None,None,0.0,0.0,0.0,0.0,0,0,0.0
394,Complete,Complete,Complete,9085180.179023998,1162903.0629150718,1992682.8525992632,5929594.263509663,240,480,144.0
395,Extensive,Moderate,Slight,896404.4443303678,581451.5314575359,199873.96393852797,115078.94893430397,120,360,72.0
396,Complete,Moderate,Extensive,3749151.020543903,1162903.0629150718,199873.96393852797,2386373.9936903035,240,480,144.0
397,Extensive,Moderate,Slight,896404.4443303678,581451.5314575359,199873.96393852797,115078.94893430397,120,360,72.0
398,None,None,None,0.0,0.0,0.0,0.0,0,0,0.0
399,Moderate,Slight,None,157476.45643641596,115078.94893430397,42397.507502111985,0.0,30,90,9.0
400,Moderate,Extensive,Moderate,1701957.0868704955,115078.94893430397,993313.0329066237,593565.1050295678,30,90,9.0
401,Complete,Complete,Complete,9085180.179023998,1162903.0629150718,1992682.8525992632,5929594.263509663,240,480,144.0
402,None,None,None,0.0,0.0,0.0,0.0,0,0,0.0
403,Slight,None,None,24227.147144063994,24227.147144063994,0.0,0.0,5,20,2.0
404,None,None,None,0.0,0.0,0.0,0.0,0,0,0.0
405,None,None,None,0.0,0.0,0.0,0.0,0,0,0.0
406,Moderate,Extensive,None,1108391.9818409276,115078.94893430397,993313.0329066237,0.0,30,90,9.0
407,Moderate,Slight,None,157476.45643641596,115078.94893430397,42397.507502111985,0.0,30,90,9.0
408,None,None,None,0.0,0.0,0.0,0.0,0,0,0.0
409,Complete,Complete,Complete,9085180.179023998,1162903.0629150718,1992682.8525992632,5929594.263509663,240,480,144.0
410,Extensive,Moderate,Moderate,1374890.6004256317,581451.5314575359,199873.96393852797,593565.1050295678,120,360,72.0
411,None,None,None,0.0,0.0,0.0,0.0,0,0,0.0
412,Slight,None,None,24227.147144063994,24227.147144063994,0.0,0.0,5,20,2.0
413,None,Slight,None,42397.507502111985,0.0,42397.507502111985,0.0,0,0,0.0
414,None,None,None,0.0,0.0,0.0,0.0,0,0,0.0
415,Extensive,Moderate,None,781325.4953960639,581451.5314575359,199873.96393852797,0.0,120,360,72.0
416,Moderate,Extensive,None,1108391.9818409276,115078.94893430397,993313.0329066237,0.0,30,90,9.0
417,Complete,Complete,Complete,9085180.179023998,1162903.0629150718,1992682.8525992632,5929594.263509663,240,480,144.0
418,None,None,None,0.0,0.0,0.0,0.0,0,0,0.0
419,Extensive,Moderate,None,781325.4953960639,581451.5314575359,199873.96393852797,0.0,120,360,72.0
420,Extensive,Extensive,Slight,1689843.5132984635,581451.5314575359,993313.0329066237,115078.94893430397,120,360,72.0
421,Moderate,Moderate,None,314952.9128728319,115078.94893430397,199873.96393852797,0.0,30,90,9.0
422,None,Moderate,None,199873.96393852797,0.0,199873.96393852797,0.0,0,0,0.0
423,None,None,None,0.0,0.0,0.0,0.0,0,0,0.0
424,None,None,None,0.0,0.0,0.0,0.0,0,0,0.0
425,None,None,None,0.0,0.0,0.0,0.0,0,0,0.0
426,Moderate,Moderate,None,314952.9128728319,115078.94893430397,199873.96393852797,0.0,30,90,9.0
427,Slight,Slight,Slight,181703.60358047995,24227.147144063994,42397.507502111985,115078.94893430397,5,20,2.0
428,None,None,None,0.0,0.0,0.0,0.0,0,0,0.0
429,Moderate,Slight,None,157476.45643641596,115078.94893430397,42397.507502111985,0.0,30,90,9.0
430,None,None,None,0.0,0.0,0.0,0.0,0,0,0.0
431,Moderate,Moderate,None,314952.9128728319,115078.94893430397,199873.96393852797,0.0,30,90,9.0
432,None,None,None,0.0,0.0,0.0,0.0,0,0,0.0
433,None,None,None,0.0,0.0,0.0,0.0,0,0,0.0
434,None,Slight,None,42397.507502111985,0.0,42397.507502111985,0.0,0,0,0.0
435,None,Slight,None,42397.507502111985,0.0,42397.507502111985,0.0,0,0,0.0
436,Slight,None,None,24227.147144063994,24227.147144063994,0.0,0.0,5,20,2.0
437,Moderate,Moderate,Slight,430031.86180713587,115078.94893430397,199873.96393852797,115078.94893430397,30,90,9.0
438,None,Moderate,None,199873.96393852797,0.0,199873.96393852797,0.0,0,0,0.0
439,Complete,Moderate,None,1362777.0268535998,1162903.0629150718,199873.96393852797,0.0,240,480,144.0
440,Complete,Complete,Complete,9085180.179023998,1162903.0629150718,1992682.8525992632,5929594.263509663,240,480,144.0
441,None,Moderate,None,199873.96393852797,0.0,199873.96393852797,0.0,0,0,0.0
442,Slight,Slight,None,66624.65464617597,24227.147144063994,42397.507502111985,0.0,5,20,2.0
443,Moderate,None,None,115078.94893430397,115078.94893430397,0.0,0.0,30,90,9.0
444,Moderate,Moderate,Slight,430031.86180713587,115078.94893430397,199873.96393852797,115078.94893430397,30,90,9.0
445,Extensive,Moderate,Slight,896404.4443303678,581451.5314575359,199873.96393852797,115078.94893430397,120,360,72.0
446,None,None,None,0.0,0.0,0.0,0.0,0,0,0.0
447,Complete,Complete,Complete,9085180.179023998,1162903.0629150718,1992682.8525992632,5929594.263509663,240,480,144.0
448,Moderate,Extensive,Moderate,1701957.0868704955,115078.94893430397,993313.0329066237,593565.1050295678,30,90,9.0
449,None,Slight,None,42397.507502111985,0.0,42397.507502111985,0.0,0,0,0.0
450,None,None,None,0.0,0.0,0.0,0.0,0,0,0.0
451,None,None,None,0.0,0.0,0.0,0.0,0,0,0.0
452,Complete,Complete,Complete,9085180.179023998,1162903.0629150718,1992682.8525992632,5929594.263509663,240,480,144.0
453,None,None,None,0.0,0.0,0.0,0.0,0,0,0.0
454,None,None,None,0.0,0.0,0.0,0.0,0,0,0.0
455,None,None,None,0.0,0.0,0.0,0.0,0,0,0.0
456,Complete,Complete,Complete,9085180.179023998,1162903.0629150718,1992682.8525992632,5929594.263509663,240,480,144.0
457,Extensive,Moderate,Slight,896404.4443303678,581451.5314575359,199873.96393852797,115078.94893430397,120,360,72.0
458,Slight,Slight,Slight,181703.60358047995,24227.147144063994,42397.507502111985,115078.94893430397,5,20,2.0
459,None,Slight,None,42397.507502111985,0.0,42397.507502111985,0.0,0,0,0.0
460,Moderate,Slight,Slight,272555.40537071996,115078.94893430397,42397.507502111985,115078.94893430397,30,90,9.0
461,Moderate,Slight,None,157476.45643641596,115078.94893430397,42397.507502111985,0.0,30,90,9.0
462,Moderate,None,Slight,230157.89786860795,115078.94893430397,0.0,115078.94893430397,30,90,9.0
463,None,None,None,0.0,0.0,0.0,0.0,0,0,0.0
464,Extensive,Extensive,Slight,1689843.5132984635,581451.5314575359,993313.0329066237,115078.94893430397,120,360,72.0
465,None,None,None,0.0,0.0,0.0,0.0,0,0,0.0
466,Extensive,Extensive,None,1574764.5643641595,581451.5314575359,993313.0329066237,0.0,120,360,72.0
467,None,None,None,0.0,0.0,0.0,0.0,0,0,0.0
468,Moderate,None,None,115078.94893430397,115078.94893430397,0.0,0.0,30,90,9.0
469,Extensive,Moderate,Slight,896404.4443303678,581451.5314575359,199873.96393852797,115078.94893430397,120,360,72.0
470,Moderate,Moderate,None,314952.9128728319,115078.94893430397,199873.96393852797,0.0,30,90,9.0
471,None,Slight,None,42397.507502111985,0.0,42397.507502111985,0.0,0,0,0.0
472,None,None,None,0.0,0.0,0.0,0.0,0,0,0.0
473,None,None,None,0.0,0.0,0.0,0.0,0,0,0.0
474,None,None,None,0.0,0.0,0.0,0.0,0,0,0.0
475,None,Slight,None,42397.507502111985,0.0,42397.507502111985,0.0,0,0,0.0
476,Slight,Moderate,None,224101.11108259196,24227.147144063994,199873.96393852797,0.0,5,20,2.0
477,None,None,None,0.0,0.0,0.0,0.0,0,0,0.0
478,None,None,None,0.0,0.0,0.0,0.0,0,0,0.0
479,None,None,None,0.0,0.0,0.0,0.0,0,0,0.0
480,Slight,None,Slight,139306.09607836796,24227.147144063994,0.0,115078.94893430397,5,20,2.0
481,Moderate,Moderate,None,314952.9128728319,115078.94893430397,199873.96393852797,0.0,30,90,9.0
482,Moderate,Slight,None,157476.45643641596,115078.94893430397,42397.507502111985,0.0,30,90,9.0
483,None,None,None,0.0,0.0,0.0,0.0,0,0,0.0
484,Moderate,Extensive,None,1108391.9818409276,115078.94893430397,993313.0329066237,0.0,30,90,9.0
485,Complete,Complete,Complete,9085180.179023998,1162903.0629150718,1992682.8525992632,5929594.263509663,240,480,144.0
486,Complete,Complete,Complete,9085180.179023998,1162903.0629150718,1992682.8525992632,5929594.263509663,240,480,144.0
487,Extensive,Complete,Moderate,3167699.489086367,581451.5314575359,1992682.8525992632,593565.1050295678,120,360,72.0
488,Moderate,Slight,None,157476.45643641596,115078.94893430397,42397.507502111985,0.0,30,90,9.0
489,Moderate,Moderate,Moderate,908518.0179023998,115078.94893430397,199873.96393852797,593565.1050295678,30,90,9.0
490,Complete,Complete,Complete,9085180.179023998,1162903.0629150718,1992682.8525992632,5929594.263509663,240,480,144.0
491,Moderate,Slight,None,157476.45643641596,115078.94893430397,42397.507502111985,0.0,30,90,9.0
492,None,None,None,0.0,0.0,0.0,0.0,0,0,0.0
493,Slight,None,Slight,139306.09607836796,24227.147144063994,0.0,115078.94893430397,5,20,2.0
494,None,None,None,0.0,0.0,0.0,0.0,0,0,0.0
495,None,None,None,0.0,0.0,0.0,0.0,0,0,0.0
496,Moderate,Moderate,None,314952.9128728319,115078.94893430397,199873.96393852797,0.0,30,90,9.0
497,None,Moderate,Slight,314952.9128728319,0.0,199873.96393852797,115078.94893430397,0,0,0.0
498,None,None,None,0.0,0.0,0.0,0.0,0,0,0.0
499,None,Slight,None,42397.507502111985,0.0,42397.507502111985,0.0,0,0,0.0
