,DS_Struct,DS_NonStruct_DriftSen,DS_NonStruct_AccelSen,RepairCost_Total,RepairCost_Struct,RepairCost_NonStruct_DriftSen,RepairCost_NonStruct_AccelSen,RepairTime,RecoveryTime,FunctionLossTime
0,Extensive,Moderate,None,816109.8740695037,502781.9759892479,313327.8980802559,0.0,120,480,480.0
1,Extensive,Moderate,Slight,947270.3895449596,502781.9759892479,313327.8980802559,131160.51547545596,120,480,480.0
2,None,None,None,0.0,0.0,0.0,0.0,0,0,0.0
3,Moderate,Slight,None,167593.99199641595,102013.73425868797,65580.257737728,0.0,30,120,60.0
4,Extensive,Slight,Slight,699522.7492024319,502781.9759892479,65580.257737728,131160.51547545596,120,480,480.0
5,Moderate,Moderate,None,415341.6323389439,102013.73425868797,313327.8980802559,0.0,30,120,60.0
6,Complete,Complete,Complete,10930042.956287997,1005563.9519784958,3096845.504281599,6827633.500027902,240,960,960.0
7,Extensive,Moderate,Slight,947270.3895449596,502781.9759892479,313327.8980802559,131160.51547545596,120,480,480.0
8,Moderate,Moderate,None,415341.6323389439,102013.73425868797,313327.8980802559,0.0,30,120,60.0
9,None,Slight,Slight,196740.77321318397,0.0,65580.257737728,131160.51547545596,0,0,0.0
10,Complete,Extensive,Moderate,3235292.715061247,1005563.9519784958,1552066.0997928956,677662.6632898558,240,960,960.0
11,Complete,Complete,Complete,10930042.956287997,1005563.9519784958,3096845.504281599,6827633.500027902,240,960,960.0
12,Complete,Complete,Complete,10930042.956287997,1005563.9519784958,3096845.504281599,6827633.500027902,240,960,960.0
13,Slight,None,None,21860.085912575996,21860.085912575996,0.0,0.0,5,10,0.0
14,Moderate,Moderate,None,415341.6323389439,102013.73425868797,313327.8980802559,0.0,30,120,60.0
15,Extensive,Extensive,Moderate,2732510.739071999,502781.9759892479,1552066.0997928956,677662.6632898558,120,480,480.0
16,Moderate,None,None,102013.73425868797,102013.73425868797,0.0,0.0,30,120,60.0
17,Moderate,Slight,None,167593.99199641595,102013.73425868797,65580.257737728,0.0,30,120,60.0
18,Complete,Complete,Complete,10930042.956287997,1005563.9519784958,3096845.504281599,6827633.500027902,240,960,960.0
19,Extensive,Moderate,None,816109.8740695037,502781.9759892479,313327.8980802559,0.0,120,480,480.0
20,Moderate,Moderate,Slight,546502.1478143998,102013.73425868797,313327.8980802559,131160.51547545596,30,120,60.0
21,Moderate,Moderate,Slight,546502.1478143998,102013.73425868797,313327.8980802559,131160.51547545596,30,120,60.0
22,None,None,None,0.0,0.0,0.0,0.0,0,0,0.0
23,Slight,None,None,21860.085912575996,21860.085912575996,0.0,0.0,5,10,0.0
24,Moderate,Moderate,None,415341.6323389439,102013.73425868797,313327.8980802559,0.0,30,120,60.0
25,Moderate,Moderate,Slight,546502.1478143998,102013.73425868797,313327.8980802559,131160.51547545596,30,120,60.0
26,None,None,None,0.0,0.0,0.0,0.0,0,0,0.0
27,Extensive,Extensive,Slight,2186008.5912575996,502781.9759892479,1552066.0997928956,131160.51547545596,120,480,480.0
28,Extensive,Complete,None,3599627.4802708467,502781.9759892479,3096845.504281599,0.0,120,480,480.0
29,Moderate,Slight,None,167593.99199641595,102013.73425868797,65580.257737728,0.0,30,120,60.0
30,Slight,None,None,21860.085912575996,21860.085912575996,0.0,0.0,5,10,0.0
31,Moderate,Moderate,None,415341.6323389439,102013.73425868797,313327.8980802559,0.0,30,120,60.0
32,Moderate,Moderate,None,415341.6323389439,102013.73425868797,313327.8980802559,0.0,30,120,60.0
33,Extensive,Moderate,Slight,947270.3895449596,502781.9759892479,313327.8980802559,131160.51547545596,120,480,480.0
34,Moderate,Slight,None,167593.99199641595,102013.73425868797,65580.257737728,0.0,30,120,60.0
35,Moderate,Extensive,Slight,1785240.3495270396,102013.73425868797,1552066.0997928956,131160.51547545596,30,120,60.0
36,Extensive,Moderate,None,816109.8740695037,502781.9759892479,313327.8980802559,0.0,120,480,480.0
37,Slight,Extensive,Slight,1705086.7011809275,21860.085912575996,1552066.0997928956,131160.51547545596,5,10,0.0
38,None,None,None,0.0,0.0,0.0,0.0,0,0,0.0
39,Complete,Complete,Complete,10930042.956287997,1005563.9519784958,3096845.504281599,6827633.500027902,240,960,960.0
40,Moderate,Moderate,None,415341.6323389439,102013.73425868797,313327.8980802559,0.0,30,120,60.0
41,Extensive,Complete,None,3599627.4802708467,502781.9759892479,3096845.504281599,0.0,120,480,480.0
42,None,None,Moderate,677662.6632898558,0.0,0.0,677662.6632898558,0,0,0.0
43,None,None,None,0.0,0.0,0.0,0.0,0,0,0.0
44,Moderate,Slight,None,167593.99199641595,102013.73425868797,65580.257737728,0.0,30,120,60.0
45,Extensive,Extensive,None,2054848.0757821435,502781.9759892479,1552066.0997928956,0.0,120,480,480.0
46,Slight,Moderate,Slight,466348.49946828786,21860.085912575996,313327.8980802559,131160.51547545596,5,10,0.0
47,Moderate,Slight,None,167593.99199641595,102013.73425868797,65580.257737728,0.0,30,120,60.0
48,Extensive,Complete,Moderate,4277290.143560703,502781.9759892479,3096845.504281599,677662.6632898558,120,480,480.0
49,Moderate,Slight,Slight,298754.5074718719,102013.73425868797,65580.257737728,131160.51547545596,30,120,60.0
50,Extensive,Moderate,Slight,947270.3895449596,502781.9759892479,313327.8980802559,131160.51547545596,120,480,480.0
51,Slight,Moderate,None,335187.9839928319,21860.085912575996,313327.8980802559,0.0,5,10,0.0
52,Complete,Extensive,Slight,2688790.5672468473,1005563.9519784958,1552066.0997928956,131160.51547545596,240,960,960.0
53,Moderate,Extensive,None,1654079.8340515837,102013.73425868797,1552066.0997928956,0.0,30,120,60.0
54,Moderate,Slight,None,167593.99199641595,102013.73425868797,65580.257737728,0.0,30,120,60.0
55,Moderate,Moderate,Slight,546502.1478143998,102013.73425868797,313327.8980802559,131160.51547545596,30,120,60.0
56,Moderate,Moderate,None,415341.6323389439,102013.73425868797,313327.8980802559,0.0,30,120,60.0
57,Extensive,Moderate,Slight,947270.3895449596,502781.9759892479,313327.8980802559,131160.51547545596,120,480,480.0
58,Complete,Complete,Complete,10930042.956287997,1005563.9519784958,3096845.504281599,6827633.500027902,240,960,960.0
59,Moderate,Moderate,None,415341.6323389439,102013.73425868797,313327.8980802559,0.0,30,120,60.0
60,Slight,None,None,21860.085912575996,21860.085912575996,0.0,0.0,5,10,0.0
61,None,Moderate,None,313327.8980802559,0.0,313327.8980802559,0.0,0,0,0.0
62,None,None,None,0.0,0.0,0.0,0.0,0,0,0.0
63,Extensive,Moderate,Slight,947270.3895449596,502781.9759892479,313327.8980802559,131160.51547545596,120,480,480.0
64,Extensive,Moderate,Slight,947270.3895449596,502781.9759892479,313327.8980802559,131160.51547545596,120,480,480.0
65,Slight,None,None,21860.085912575996,21860.085912575996,0.0,0.0,5,10,0.0
66,None,Slight,Moderate,743242.9210275838,0.0,65580.257737728,677662.6632898558,0,0,0.0
67,Extensive,Extensive,Moderate,2732510.739071999,502781.9759892479,1552066.0997928956,677662.6632898558,120,480,480.0
68,Complete,Complete,Slight,4233569.971735551,1005563.9519784958,3096845.504281599,131160.51547545596,240,960,960.0
69,Extensive,Extensive,Slight,2186008.5912575996,502781.9759892479,1552066.0997928956,131160.51547545596,120,480,480.0
70,Extensive,Slight,None,568362.2337269759,502781.9759892479,65580.257737728,0.0,120,480,480.0
71,Moderate,Moderate,None,415341.6323389439,102013.73425868797,313327.8980802559,0.0,30,120,60.0
72,Moderate,Slight,None,167593.99199641595,102013.73425868797,65580.257737728,0.0,30,120,60.0
73,Slight,Moderate,None,335187.9839928319,21860.085912575996,313327.8980802559,0.0,5,10,0.0
74,Moderate,Slight,None,167593.99199641595,102013.73425868797,65580.257737728,0.0,30,120,60.0
75,Complete,Complete,Complete,10930042.956287997,1005563.9519784958,3096845.504281599,6827633.500027902,240,960,960.0
76,Extensive,Slight,None,568362.2337269759,502781.9759892479,65580.257737728,0.0,120,480,480.0
77,None,None,None,0.0,0.0,0.0,0.0,0,0,0.0
78,Slight,Slight,None,87440.34365030398,21860.085912575996,65580.257737728,0.0,5,10,0.0
79,Moderate,Moderate,None,415341.6323389439,102013.73425868797,313327.8980802559,0.0,30,120,60.0
80,None,None,None,0.0,0.0,0.0,0.0,0,0,0.0
81,None,Moderate,Slight,444488.41355571186,0.0,313327.8980802559,131160.51547545596,0,0,0.0
82,Moderate,Slight,None,167593.99199641595,102013.73425868797,65580.257737728,0.0,30,120,60.0
83,Complete,Extensive,Slight,2688790.5672468473,1005563.9519784958,1552066.0997928956,131160.51547545596,240,960,960.0
84,Extensive,Moderate,Slight,947270.3895449596,502781.9759892479,313327.8980802559,131160.51547545596,120,480,480.0
85,Complete,Extensive,Moderate,3235292.715061247,1005563.9519784958,1552066.0997928956,677662.6632898558,240,960,960.0
86,None,None,None,0.0,0.0,0.0,0.0,0,0,0.0
87,Moderate,Extensive,None,1654079.8340515837,102013.73425868797,1552066.0997928956,0.0,30,120,60.0
88,Moderate,Slight,Slight,298754.5074718719,102013.73425868797,65580.257737728,131160.51547545596,30,120,60.0
89,Moderate,Moderate,Slight,546502.1478143998,102013.73425868797,313327.8980802559,131160.51547545596,30,120,60.0
90,None,None,None,0.0,0.0,0.0,0.0,0,0,0.0
91,Extensive,Moderate,Slight,947270.3895449596,502781.9759892479,313327.8980802559,131160.51547545596,120,480,480.0
92,None,None,None,0.0,0.0,0.0,0.0,0,0,0.0
93,None,Slight,None,65580.257737728,0.0,65580.257737728,0.0,0,0,0.0
94,Moderate,Moderate,None,415341.6323389439,102013.73425868797,313327.8980802559,0.0,30,120,60.0
95,Slight,Moderate,None,335187.9839928319,21860.085912575996,313327.8980802559,0.0,5,10,0.0
96,Slight,Moderate,Slight,466348.49946828786,21860.085912575996,313327.8980802559,131160.51547545596,5,10,0.0
97,Moderate,Moderate,Moderate,1093004.2956287996,102013.73425868797,313327.8980802559,677662.6632898558,30,120,60.0
98,Extensive,Slight,None,568362.2337269759,502781.9759892479,65580.257737728,0.0,120,480,480.0
99,Extensive,Extensive,None,2054848.0757821435,502781.9759892479,1552066.0997928956,0.0,120,480,480.0
100,Slight,None,None,21860.085912575996,21860.085912575996,0.0,0.0,5,10,0.0
101,Moderate,Slight,None,167593.99199641595,102013.73425868797,65580.257737728,0.0,30,120,60.0
102,None,Slight,None,65580.257737728,0.0,65580.257737728,0.0,0,0,0.0
103,Extensive,Moderate,Slight,947270.3895449596,502781.9759892479,313327.8980802559,131160.51547545596,120,480,480.0
104,None,None,None,0.0,0.0,0.0,0.0,0,0,0.0
105,Complete,Complete,Complete,10930042.956287997,1005563.9519784958,3096845.504281599,6827633.500027902,240,960,960.0
106,Slight,Moderate,None,335187.9839928319,21860.085912575996,313327.8980802559,0.0,5,10,0.0
107,None,Slight,None,65580.257737728,0.0,65580.257737728,0.0,0,0,0.0
108,Moderate,None,None,102013.73425868797,102013.73425868797,0.0,0.0,30,120,60.0
109,Complete,Complete,Complete,10930042.956287997,1005563.9519784958,3096845.504281599,6827633.500027902,240,960,960.0
110,Slight,Moderate,Slight,466348.49946828786,21860.085912575996,313327.8980802559,131160.51547545596,5,10,0.0
111,Complete,Complete,Complete,10930042.956287997,1005563.9519784958,3096845.504281599,6827633.500027902,240,960,960.0
112,Moderate,Moderate,Moderate,1093004.2956287996,102013.73425868797,313327.8980802559,677662.6632898558,30,120,60.0
113,Complete,Complete,Slight,4233569.971735551,1005563.9519784958,3096845.504281599,131160.51547545596,240,960,960.0
114,Moderate,None,None,102013.73425868797,102013.73425868797,0.0,0.0,30,120,60.0
115,Extensive,Moderate,Moderate,1493772.5373593597,502781.9759892479,313327.8980802559,677662.6632898558,120,480,480.0
116,None,Slight,None,65580.257737728,0.0,65580.257737728,0.0,0,0,0.0
117,Extensive,Moderate,None,816109.8740695037,502781.9759892479,313327.8980802559,0.0,120,480,480.0
118,Extensive,Moderate,None,816109.8740695037,502781.9759892479,313327.8980802559,0.0,120,480,480.0
119,Moderate,None,Slight,233174.24973414393,102013.73425868797,0.0,131160.51547545596,30,120,60.0
120,Extensive,Slight,None,568362.2337269759,502781.9759892479,65580.257737728,0.0,120,480,480.0
121,Moderate,Moderate,None,415341.6323389439,102013.73425868797,313327.8980802559,0.0,30,120,60.0
122,Extensive,Extensive,None,2054848.0757821435,502781.9759892479,1552066.0997928956,0.0,120,480,480.0
123,None,None,None,0.0,0.0,0.0,0.0,0,0,0.0
124,None,None,None,0.0,0.0,0.0,0.0,0,0,0.0
125,None,None,None,0.0,0.0,0.0,0.0,0,0,0.0
126,Moderate,Moderate,None,415341.6323389439,102013.73425868797,313327.8980802559,0.0,30,120,60.0
127,Moderate,Moderate,None,415341.6323389439,102013.73425868797,313327.8980802559,0.0,30,120,60.0
128,Extensive,Moderate,None,816109.8740695037,502781.9759892479,313327.8980802559,0.0,120,480,480.0
129,Moderate,Slight,Slight,298754.5074718719,102013.73425868797,65580.257737728,131160.51547545596,30,120,60.0
130,Slight,Moderate,None,335187.9839928319,21860.085912575996,313327.8980802559,0.0,5,10,0.0
131,Complete,Complete,Complete,10930042.956287997,1005563.9519784958,3096845.504281599,6827633.500027902,240,960,960.0
132,Complete,Extensive,None,2557630.051771391,1005563.9519784958,1552066.0997928956,0.0,240,960,960.0
133,Moderate,Moderate,Moderate,1093004.2956287996,102013.73425868797,313327.8980802559,677662.6632898558,30,120,60.0
134,Moderate,Slight,None,167593.99199641595,102013.73425868797,65580.257737728,0.0,30,120,60.0
135,Moderate,Extensive,None,1654079.8340515837,102013.73425868797,1552066.0997928956,0.0,30,120,60.0
136,Slight,Moderate,None,335187.9839928319,21860.085912575996,313327.8980802559,0.0,5,10,0.0
137,Extensive,Moderate,None,816109.8740695037,502781.9759892479,313327.8980802559,0.0,120,480,480.0
138,Extensive,Extensive,None,2054848.0757821435,502781.9759892479,1552066.0997928956,0.0,120,480,480.0
139,None,None,None,0.0,0.0,0.0,0.0,0,0,0.0
140,Extensive,Moderate,None,816109.8740695037,502781.9759892479,313327.8980802559,0.0,120,480,480.0
141,Slight,Moderate,None,335187.9839928319,21860.085912575996,313327.8980802559,0.0,5,10,0.0
142,Moderate,Moderate,None,415341.6323389439,102013.73425868797,313327.8980802559,0.0,30,120,60.0
143,Slight,Slight,None,87440.34365030398,21860.085912575996,65580.257737728,0.0,5,10,0.0
144,Moderate,Slight,None,167593.99199641595,102013.73425868797,65580.257737728,0.0,30,120,60.0
145,Complete,Extensive,Slight,2688790.5672468473,1005563.9519784958,1552066.0997928956,131160.51547545596,240,960,960.0
146,Slight,Slight,None,87440.34365030398,21860.085912575996,65580.257737728,0.0,5,10,0.0
147,Complete,Complete,Complete,10930042.956287997,1005563.9519784958,3096845.504281599,6827633.500027902,240,960,960.0
148,Extensive,Moderate,None,816109.8740695037,502781.9759892479,313327.8980802559,0.0,120,480,480.0
149,Extensive,Moderate,None,816109.8740695037,502781.9759892479,313327.8980802559,0.0,120,480,480.0
150,Complete,Complete,Slight,4233569.971735551,1005563.9519784958,3096845.504281599,131160.51547545596,240,960,960.0
151,Moderate,Moderate,None,415341.6323389439,102013.73425868797,313327.8980802559,0.0,30,120,60.0
152,None,None,None,0.0,0.0,0.0,0.0,0,0,0.0
153,Moderate,Slight,None,167593.99199641595,102013.73425868797,65580.257737728,0.0,30,120,60.0
154,Extensive,Extensive,Moderate,2732510.739071999,502781.9759892479,1552066.0997928956,677662.6632898558,120,480,480.0
155,None,Slight,Slight,196740.77321318397,0.0,65580.257737728,131160.51547545596,0,0,0.0
156,None,None,None,0.0,0.0,0.0,0.0,0,0,0.0
157,Extensive,Moderate,None,816109.8740695037,502781.9759892479,313327.8980802559,0.0,120,480,480.0
158,Moderate,Moderate,None,415341.6323389439,102013.73425868797,313327.8980802559,0.0,30,120,60.0
159,Moderate,Slight,Moderate,845256.6552862718,102013.73425868797,65580.257737728,677662.6632898558,30,120,60.0
160,Complete,Extensive,Slight,2688790.5672468473,1005563.9519784958,1552066.0997928956,131160.51547545596,240,960,960.0
161,Complete,Complete,Moderate,4780072.119549951,1005563.9519784958,3096845.504281599,677662.6632898558,240,960,960.0
162,Moderate,None,Slight,233174.24973414393,102013.73425868797,0.0,131160.51547545596,30,120,60.0
163,Extensive,Extensive,Moderate,2732510.739071999,502781.9759892479,1552066.0997928956,677662.6632898558,120,480,480.0
164,Moderate,Moderate,Slight,546502.1478143998,102013.73425868797,313327.8980802559,131160.51547545596,30,120,60.0
165,Complete,Extensive,Moderate,3235292.715061247,1005563.9519784958,1552066.0997928956,677662.6632898558,240,960,960.0
166,Moderate,None,None,102013.73425868797,102013.73425868797,0.0,0.0,30,120,60.0
167,Moderate,Slight,None,167593.99199641595,102013.73425868797,65580.257737728,0.0,30,120,60.0
168,Extensive,Extensive,Slight,2186008.5912575996,502781.9759892479,1552066.0997928956,131160.51547545596,120,480,480.0
169,Moderate,Moderate,None,415341.6323389439,102013.73425868797,313327.8980802559,0.0,30,120,60.0
170,Moderate,None,None,102013.73425868797,102013.73425868797,0.0,0.0,30,120,60.0
171,Moderate,Moderate,None,415341.6323389439,102013.73425868797,313327.8980802559,0.0,30,120,60.0
172,Slight,None,None,21860.085912575996,21860.085912575996,0.0,0.0,5,10,0.0
173,Extensive,Slight,None,568362.2337269759,502781.9759892479,65580.257737728,0.0,120,480,480.0
174,Moderate,Moderate,None,415341.6323389439,102013.73425868797,313327.8980802559,0.0,30,120,60.0
175,Moderate,Moderate,None,415341.6323389439,102013.73425868797,313327.8980802559,0.0,30,120,60.0
176,None,None,None,0.0,0.0,0.0,0.0,0,0,0.0
177,Slight,Slight,None,87440.34365030398,21860.085912575996,65580.257737728,0.0,5,10,0.0
178,Extensive,Extensive,None,2054848.0757821435,502781.9759892479,1552066.0997928956,0.0,120,480,480.0
179,Extensive,Moderate,Slight,947270.3895449596,502781.9759892479,313327.8980802559,131160.51547545596,120,480,480.0
180,Moderate,Moderate,None,415341.6323389439,102013.73425868797,313327.8980802559,0.0,30,120,60.0
181,Slight,Moderate,None,335187.9839928319,21860.085912575996,313327.8980802559,0.0,5,10,0.0
182,Slight,Slight,None,87440.34365030398,21860.085912575996,65580.257737728,0.0,5,10,0.0
183,None,None,None,0.0,0.0,0.0,0.0,0,0,0.0
184,Moderate,Moderate,Slight,546502.1478143998,102013.73425868797,313327.8980802559,131160.51547545596,30,120,60.0
185,Moderate,Slight,Slight,298754.5074718719,102013.73425868797,65580.257737728,131160.51547545596,30,120,60.0
186,Extensive,Moderate,Slight,947270.3895449596,502781.9759892479,313327.8980802559,131160.51547545596,120,480,480.0
187,Moderate,Moderate,Moderate,1093004.2956287996,102013.73425868797,313327.8980802559,677662.6632898558,30,120,60.0
188,Moderate,Moderate,None,415341.6323389439,102013.73425868797,313327.8980802559,0.0,30,120,60.0
189,None,None,None,0.0,0.0,0.0,0.0,0,0,0.0
190,Extensive,Extensive,None,2054848.0757821435,502781.9759892479,1552066.0997928956,0.0,120,480,480.0
191,Moderate,Slight,None,167593.99199641595,102013.73425868797,65580.257737728,0.0,30,120,60.0
192,Moderate,Moderate,None,415341.6323389439,102013.73425868797,313327.8980802559,0.0,30,120,60.0
193,None,Slight,Slight,196740.77321318397,0.0,65580.257737728,131160.51547545596,0,0,0.0
194,Extensive,Moderate,None,816109.8740695037,502781.9759892479,313327.8980802559,0.0,120,480,480.0
195,Extensive,Extensive,None,2054848.0757821435,502781.9759892479,1552066.0997928956,0.0,120,480,480.0
196,None,None,None,0.0,0.0,0.0,0.0,0,0,0.0
197,Extensive,Moderate,None,816109.8740695037,502781.9759892479,313327.8980802559,0.0,120,480,480.0
198,Moderate,Moderate,None,415341.6323389439,102013.73425868797,313327.8980802559,0.0,30,120,60.0
199,None,None,None,0.0,0.0,0.0,0.0,0,0,0.0
200,Complete,Complete,Complete,10930042.956287997,1005563.9519784958,3096845.504281599,6827633.500027902,240,960,960.0
201,Slight,Slight,None,87440.34365030398,21860.085912575996,65580.257737728,0.0,5,10,0.0
202,None,None,None,0.0,0.0,0.0,0.0,0,0,0.0
203,Moderate,Moderate,None,415341.6323389439,102013.73425868797,313327.8980802559,0.0,30,120,60.0
204,Complete,Complete,Complete,10930042.956287997,1005563.9519784958,3096845.504281599,6827633.500027902,240,960,960.0
205,None,None,None,0.0,0.0,0.0,0.0,0,0,0.0
206,Moderate,None,None,102013.73425868797,102013.73425868797,0.0,0.0,30,120,60.0
207,Moderate,Moderate,None,415341.6323389439,102013.73425868797,313327.8980802559,0.0,30,120,60.0
208,Extensive,Slight,None,568362.2337269759,502781.9759892479,65580.257737728,0.0,120,480,480.0
209,Slight,None,None,21860.085912575996,21860.085912575996,0.0,0.0,5,10,0.0
210,None,None,None,0.0,0.0,0.0,0.0,0,0,0.0
211,Moderate,Moderate,None,415341.6323389439,102013.73425868797,313327.8980802559,0.0,30,120,60.0
212,Moderate,Moderate,Slight,546502.1478143998,102013.73425868797,313327.8980802559,131160.51547545596,30,120,60.0
213,Moderate,Slight,None,167593.99199641595,102013.73425868797,65580.257737728,0.0,30,120,60.0
214,Complete,Complete,Complete,10930042.956287997,1005563.9519784958,3096845.504281599,6827633.500027902,240,960,960.0
215,Complete,Extensive,Moderate,3235292.715061247,1005563.9519784958,1552066.0997928956,677662.6632898558,240,960,960.0
216,None,None,Slight,131160.51547545596,0.0,0.0,131160.51547545596,0,0,0.0
217,None,None,None,0.0,0.0,0.0,0.0,0,0,0.0
218,Moderate,None,None,102013.73425868797,102013.73425868797,0.0,0.0,30,120,60.0
219,Extensive,Moderate,Slight,947270.3895449596,502781.9759892479,313327.8980802559,131160.51547545596,120,480,480.0
220,Slight,Slight,None,87440.34365030398,21860.085912575996,65580.257737728,0.0,5,10,0.0
221,Extensive,Moderate,None,816109.8740695037,502781.9759892479,313327.8980802559,0.0,120,480,480.0
222,Extensive,Moderate,Slight,947270.3895449596,502781.9759892479,313327.8980802559,131160.51547545596,120,480,480.0
223,Slight,Moderate,None,335187.9839928319,21860.085912575996,313327.8980802559,0.0,5,10,0.0
224,Slight,Moderate,Slight,466348.49946828786,21860.085912575996,313327.8980802559,131160.51547545596,5,10,0.0
225,None,Slight,None,65580.257737728,0.0,65580.257737728,0.0,0,0,0.0
226,Extensive,Slight,Moderate,1246024.8970168317,502781.9759892479,65580.257737728,677662.6632898558,120,480,480.0
227,None,None,None,0.0,0.0,0.0,0.0,0,0,0.0
228,Extensive,Moderate,Extensive,3592340.784966655,502781.9759892479,313327.8980802559,2776230.9108971516,120,480,480.0
229,Extensive,Extensive,Slight,2186008.5912575996,502781.9759892479,1552066.0997928956,131160.51547545596,120,480,480.0
230,Extensive,Extensive,Slight,2186008.5912575996,502781.9759892479,1552066.0997928956,131160.51547545596,120,480,480.0
231,None,Moderate,None,313327.8980802559,0.0,313327.8980802559,0.0,0,0,0.0
232,Moderate,Moderate,Slight,546502.1478143998,102013.73425868797,313327.8980802559,131160.51547545596,30,120,60.0
233,Moderate,Moderate,Slight,546502.1478143998,102013.73425868797,313327.8980802559,131160.51547545596,30,120,60.0
234,Moderate,Slight,Extensive,2943824.9028935675,102013.73425868797,65580.257737728,2776230.9108971516,30,120,60.0
235,Complete,Complete,Slight,4233569.971735551,1005563.9519784958,3096845.504281599,131160.51547545596,240,960,960.0
236,Extensive,Moderate,Slight,947270.3895449596,502781.9759892479,313327.8980802559,131160.51547545596,120,480,480.0
237,Moderate,Moderate,None,415341.6323389439,102013.73425868797,313327.8980802559,0.0,30,120,60.0
238,Complete,Complete,Moderate,4780072.119549951,1005563.9519784958,3096845.504281599,677662.6632898558,240,960,960.0
239,Extensive,Moderate,Extensive,3592340.784966655,502781.9759892479,313327.8980802559,2776230.9108971516,120,480,480.0
240,Moderate,Slight,None,167593.99199641595,102013.73425868797,65580.257737728,0.0,30,120,60.0
241,Slight,Extensive,Slight,1705086.7011809275,21860.085912575996,1552066.0997928956,131160.51547545596,5,10,0.0
242,Moderate,Slight,None,167593.99199641595,102013.73425868797,65580.257737728,0.0,30,120,60.0
243,Moderate,Moderate,None,415341.6323389439,102013.73425868797,313327.8980802559,0.0,30,120,60.0
244,Moderate,Moderate,None,415341.6323389439,102013.73425868797,313327.8980802559,0.0,30,120,60.0
245,Moderate,Moderate,None,415341.6323389439,102013.73425868797,313327.8980802559,0.0,30,120,60.0
246,None,Slight,Moderate,743242.9210275838,0.0,65580.257737728,677662.6632898558,0,0,0.0
247,None,None,None,0.0,0.0,0.0,0.0,0,0,0.0
248,None,Slight,None,65580.257737728,0.0,65580.257737728,0.0,0,0,0.0
249,Extensive,Extensive,None,2054848.0757821435,502781.9759892479,1552066.0997928956,0.0,120,480,480.0
250,None,None,None,0.0,0.0,0.0,0.0,0,0,0.0
251,Moderate,Moderate,Slight,546502.1478143998,102013.73425868797,313327.8980802559,131160.51547545596,30,120,60.0
252,None,None,None,0.0,0.0,0.0,0.0,0,0,0.0
253,Slight,Slight,None,87440.34365030398,21860.085912575996,65580.257737728,0.0,5,10,0.0
254,Slight,None,None,21860.085912575996,21860.085912575996,0.0,0.0,5,10,0.0
255,Extensive,Moderate,None,816109.8740695037,502781.9759892479,313327.8980802559,0.0,120,480,480.0
256,Moderate,Slight,None,167593.99199641595,102013.73425868797,65580.257737728,0.0,30,120,60.0
257,Moderate,Moderate,None,415341.6323389439,102013.73425868797,313327.8980802559,0.0,30,120,60.0
258,Moderate,Moderate,Moderate,1093004.2956287996,102013.73425868797,313327.8980802559,677662.6632898558,30,120,60.0
259,Extensive,Moderate,Slight,947270.3895449596,502781.9759892479,313327.8980802559,131160.51547545596,120,480,480.0
260,Complete,Complete,Complete,10930042.956287997,1005563.9519784958,3096845.504281599,6827633.500027902,240,960,960.0
261,Moderate,Moderate,None,415341.6323389439,102013.73425868797,313327.8980802559,0.0,30,120,60.0
262,Extensive,Moderate,Moderate,1493772.5373593597,502781.9759892479,313327.8980802559,677662.6632898558,120,480,480.0
263,Extensive,Extensive,Moderate,2732510.739071999,502781.9759892479,1552066.0997928956,677662.6632898558,120,480,480.0
264,Extensive,Moderate,Slight,947270.3895449596,502781.9759892479,313327.8980802559,131160.51547545596,120,480,480.0
265,Slight,Slight,Slight,218600.85912575995,21860.085912575996,65580.257737728,131160.51547545596,5,10,0.0
266,None,Moderate,Slight,444488.41355571186,0.0,313327.8980802559,131160.51547545596,0,0,0.0
267,Slight,Moderate,None,335187.9839928319,21860.085912575996,313327.8980802559,0.0,5,10,0.0
268,None,None,None,0.0,0.0,0.0,0.0,0,0,0.0
269,None,Slight,Slight,196740.77321318397,0.0,65580.257737728,131160.51547545596,0,0,0.0
270,None,None,None,0.0,0.0,0.0,0.0,0,0,0.0
271,None,None,None,0.0,0.0,0.0,0.0,0,0,0.0
272,None,None,None,0.0,0.0,0.0,0.0,0,0,0.0
273,Complete,Extensive,Slight,2688790.5672468473,1005563.9519784958,1552066.0997928956,131160.51547545596,240,960,960.0
274,Complete,Complete,Complete,10930042.956287997,1005563.9519784958,3096845.504281599,6827633.500027902,240,960,960.0
275,Extensive,Moderate,Slight,947270.3895449596,502781.9759892479,313327.8980802559,131160.51547545596,120,480,480.0
276,Moderate,Moderate,Slight,546502.1478143998,102013.73425868797,313327.8980802559,131160.51547545596,30,120,60.0
277,Moderate,Extensive,None,1654079.8340515837,102013.73425868797,1552066.0997928956,0.0,30,120,60.0
278,Extensive,Complete,Moderate,4277290.143560703,502781.9759892479,3096845.504281599,677662.6632898558,120,480,480.0
279,Moderate,Moderate,Slight,546502.1478143998,102013.73425868797,313327.8980802559,131160.51547545596,30,120,60.0
280,Moderate,Moderate,Slight,546502.1478143998,102013.73425868797,313327.8980802559,131160.51547545596,30,120,60.0
281,Moderate,Moderate,None,415341.6323389439,102013.73425868797,313327.8980802559,0.0,30,120,60.0
282,None,None,None,0.0,0.0,0.0,0.0,0,0,0.0
283,Extensive,Moderate,None,816109.8740695037,502781.9759892479,313327.8980802559,0.0,120,480,480.0
284,Extensive,Moderate,Slight,947270.3895449596,502781.9759892479,313327.8980802559,131160.51547545596,120,480,480.0
285,Moderate,Slight,None,167593.99199641595,102013.73425868797,65580.257737728,0.0,30,120,60.0
286,Moderate,Moderate,Slight,546502.1478143998,102013.73425868797,313327.8980802559,131160.51547545596,30,120,60.0
287,Extensive,Moderate,None,816109.8740695037,502781.9759892479,313327.8980802559,0.0,120,480,480.0
288,Slight,None,None,21860.085912575996,21860.085912575996,0.0,0.0,5,10,0.0
289,Extensive,Moderate,Moderate,1493772.5373593597,502781.9759892479,313327.8980802559,677662.6632898558,120,480,480.0
290,Extensive,Complete,Slight,3730787.995746303,502781.9759892479,3096845.504281599,131160.51547545596,120,480,480.0
291,Slight,Moderate,None,335187.9839928319,21860.085912575996,313327.8980802559,0.0,5,10,0.0
292,Moderate,Slight,None,167593.99199641595,102013.73425868797,65580.257737728,0.0,30,120,60.0
293,Extensive,Moderate,None,816109.8740695037,502781.9759892479,313327.8980802559,0.0,120,480,480.0
294,Moderate,None,None,102013.73425868797,102013.73425868797,0.0,0.0,30,120,60.0
295,Slight,None,Slight,153020.60138803197,21860.085912575996,0.0,131160.51547545596,5,10,0.0
296,Extensive,Slight,Slight,699522.7492024319,502781.9759892479,65580.257737728,131160.51547545596,120,480,480.0
297,Extensive,Moderate,Slight,947270.3895449596,502781.9759892479,313327.8980802559,131160.51547545596,120,480,480.0
298,Moderate,Moderate,None,415341.6323389439,102013.73425868797,313327.8980802559,0.0,30,120,60.0
299,Slight,None,None,21860.085912575996,21860.085912575996,0.0,0.0,5,10,0.0
300,Moderate,Moderate,None,415341.6323389439,102013.73425868797,313327.8980802559,0.0,30,120,60.0
301,Moderate,Slight,None,167593.99199641595,102013.73425868797,65580.257737728,0.0,30,120,60.0
302,Slight,Moderate,None,335187.9839928319,21860.085912575996,313327.8980802559,0.0,5,10,0.0
303,Complete,Complete,Complete,10930042.956287997,1005563.9519784958,3096845.504281599,6827633.500027902,240,960,960.0
304,Slight,Slight,None,87440.34365030398,21860.085912575996,65580.257737728,0.0,5,10,0.0
305,Slight,Moderate,None,335187.9839928319,21860.085912575996,313327.8980802559,0.0,5,10,0.0
306,Moderate,Moderate,None,415341.6323389439,102013.73425868797,313327.8980802559,0.0,30,120,60.0
307,Extensive,Moderate,Slight,947270.3895449596,502781.9759892479,313327.8980802559,131160.51547545596,120,480,480.0
308,None,Slight,None,65580.257737728,0.0,65580.257737728,0.0,0,0,0.0
309,Slight,Slight,Slight,218600.85912575995,21860.085912575996,65580.257737728,131160.51547545596,5,10,0.0
310,Slight,Moderate,None,335187.9839928319,21860.085912575996,313327.8980802559,0.0,5,10,0.0
311,Moderate,Slight,None,167593.99199641595,102013.73425868797,65580.257737728,0.0,30,120,60.0
312,Slight,None,None,21860.085912575996,21860.085912575996,0.0,0.0,5,10,0.0
313,Moderate,Slight,None,167593.99199641595,102013.73425868797,65580.257737728,0.0,30,120,60.0
314,Complete,Moderate,None,1318891.8500587516,1005563.9519784958,313327.8980802559,0.0,240,960,960.0
315,Moderate,Slight,None,167593.99199641595,102013.73425868797,65580.257737728,0.0,30,120,60.0
316,None,None,None,0.0,0.0,0.0,0.0,0,0,0.0
317,None,Moderate,None,313327.8980802559,0.0,313327.8980802559,0.0,0,0,0.0
318,None,Slight,None,65580.257737728,0.0,65580.257737728,0.0,0,0,0.0
319,Moderate,Moderate,Slight,546502.1478143998,102013.73425868797,313327.8980802559,131160.51547545596,30,120,60.0
320,Moderate,Slight,None,167593.99199641595,102013.73425868797,65580.257737728,0.0,30,120,60.0
321,Moderate,Slight,None,167593.99199641595,102013.73425868797,65580.257737728,0.0,30,120,60.0
322,None,None,None,0.0,0.0,0.0,0.0,0,0,0.0
323,Complete,Complete,Complete,10930042.956287997,1005563.9519784958,3096845.504281599,6827633.500027902,240,960,960.0
324,None,Slight,None,65580.257737728,0.0,65580.257737728,0.0,0,0,0.0
325,Moderate,Slight,None,167593.99199641595,102013.73425868797,65580.257737728,0.0,30,120,60.0
326,Extensive,Moderate,Slight,947270.3895449596,502781.9759892479,313327.8980802559,131160.51547545596,120,480,480.0
327,None,None,None,0.0,0.0,0.0,0.0,0,0,0.0
328,Complete,Complete,Complete,10930042.956287997,1005563.9519784958,3096845.504281599,6827633.500027902,240,960,960.0
329,Moderate,Moderate,Slight,546502.1478143998,102013.73425868797,313327.8980802559,131160.51547545596,30,120,60.0
330,None,Moderate,None,313327.8980802559,0.0,313327.8980802559,0.0,0,0,0.0
331,Complete,Extensive,Moderate,3235292.715061247,1005563.9519784958,1552066.0997928956,677662.6632898558,240,960,960.0
332,Extensive,Moderate,None,816109.8740695037,502781.9759892479,313327.8980802559,0.0,120,480,480.0
333,None,None,None,0.0,0.0,0.0,0.0,0,0,0.0
334,Complete,Complete,Moderate,4780072.119549951,1005563.9519784958,3096845.504281599,677662.6632898558,240,960,960.0
335,Slight,None,None,21860.085912575996,21860.085912575996,0.0,0.0,5,10,0.0
336,Extensive,Slight,Slight,699522.7492024319,502781.9759892479,65580.257737728,131160.51547545596,120,480,480.0
337,Complete,Complete,Complete,10930042.956287997,1005563.9519784958,3096845.504281599,6827633.500027902,240,960,960.0
338,Moderate,Slight,None,167593.99199641595,102013.73425868797,65580.257737728,0.0,30,120,60.0
339,Complete,Moderate,Moderate,1996554.5133486073,1005563.9519784958,313327.8980802559,677662.6632898558,240,960,960.0
340,None,Slight,None,65580.257737728,0.0,65580.257737728,0.0,0,0,0.0
341,Slight,None,None,21860.085912575996,21860.085912575996,0.0,0.0,5,10,0.0
342,Slight,Slight,None,87440.34365030398,21860.085912575996,65580.257737728,0.0,5,10,0.0
343,Extensive,Moderate,None,816109.8740695037,502781.9759892479,313327.8980802559,0.0,120,480,480.0
344,None,None,None,0.0,0.0,0.0,0.0,0,0,0.0
345,None,Moderate,Slight,444488.41355571186,0.0,313327.8980802559,131160.51547545596,0,0,0.0
346,Complete,Complete,None,4102409.456260095,1005563.9519784958,3096845.504281599,0.0,240,960,960.0
347,None,None,None,0.0,0.0,0.0,0.0,0,0,0.0
348,Moderate,Slight,None,167593.99199641595,102013.73425868797,65580.257737728,0.0,30,120,60.0
349,Moderate,Moderate,None,415341.6323389439,102013.73425868797,313327.8980802559,0.0,30,120,60.0
350,None,Slight,None,65580.257737728,0.0,65580.257737728,0.0,0,0,0.0
351,Extensive,Slight,None,568362.2337269759,502781.9759892479,65580.257737728,0.0,120,480,480.0
352,Moderate,Extensive,Moderate,2331742.4973414396,102013.73425868797,1552066.0997928956,677662.6632898558,30,120,60.0
353,None,None,None,0.0,0.0,0.0,0.0,0,0,0.0
354,None,Slight,None,65580.257737728,0.0,65580.257737728,0.0,0,0,0.0
355,Moderate,Moderate,None,415341.6323389439,102013.73425868797,313327.8980802559,0.0,30,120,60.0
356,None,None,None,0.0,0.0,0.0,0.0,0,0,0.0
357,Extensive,Moderate,Slight,947270.3895449596,502781.9759892479,313327.8980802559,131160.51547545596,120,480,480.0
358,Extensive,Moderate,Moderate,1493772.5373593597,502781.9759892479,313327.8980802559,677662.6632898558,120,480,480.0
359,Extensive,Moderate,Slight,947270.3895449596,502781.9759892479,313327.8980802559,131160.51547545596,120,480,480.0
360,Moderate,Moderate,None,415341.6323389439,102013.73425868797,313327.8980802559,0.0,30,120,60.0
361,Extensive,Extensive,None,2054848.0757821435,502781.9759892479,1552066.0997928956,0.0,120,480,480.0
362,Complete,Moderate,Slight,1450052.3655342076,1005563.9519784958,313327.8980802559,131160.51547545596,240,960,960.0
363,Slight,None,None,21860.085912575996,21860.085912575996,0.0,0.0,5,10,0.0
364,Moderate,Moderate,Slight,546502.1478143998,102013.73425868797,313327.8980802559,131160.51547545596,30,120,60.0
365,Moderate,Slight,None,167593.99199641595,102013.73425868797,65580.257737728,0.0,30,120,60.0
366,Extensive,Moderate,None,816109.8740695037,502781.9759892479,313327.8980802559,0.0,120,480,480.0
367,Moderate,Moderate,None,415341.6323389439,102013.73425868797,313327.8980802559,0.0,30,120,60.0
368,Complete,Complete,Complete,10930042.956287997,1005563.9519784958,3096845.504281599,6827633.500027902,240,960,960.0
369,Extensive,Moderate,None,816109.8740695037,502781.9759892479,313327.8980802559,0.0,120,480,480.0
370,Moderate,Moderate,None,415341.6323389439,102013.73425868797,313327.8980802559,0.0,30,120,60.0
371,Complete,Complete,Complete,10930042.956287997,1005563.9519784958,3096845.504281599,6827633.500027902,240,960,960.0
372,Moderate,Moderate,Slight,546502.1478143998,102013.73425868797,313327.8980802559,131160.51547545596,30,120,60.0
373,Moderate,Moderate,Slight,546502.1478143998,102013.73425868797,313327.8980802559,131160.51547545596,30,120,60.0
374,Moderate,Slight,None,167593.99199641595,102013.73425868797,65580.257737728,0.0,30,120,60.0
375,Extensive,Extensive,None,2054848.0757821435,502781.9759892479,1552066.0997928956,0.0,120,480,480.0
376,Moderate,Moderate,Slight,546502.1478143998,102013.73425868797,313327.8980802559,131160.51547545596,30,120,60.0
377,None,Slight,None,65580.257737728,0.0,65580.257737728,0.0,0,0,0.0
378,Moderate,Moderate,Moderate,1093004.2956287996,102013.73425868797,313327.8980802559,677662.6632898558,30,120,60.0
379,Moderate,Extensive,None,1654079.8340515837,102013.73425868797,1552066.0997928956,0.0,30,120,60.0
380,Moderate,Moderate,Slight,546502.1478143998,102013.73425868797,313327.8980802559,131160.51547545596,30,120,60.0
381,None,Slight,None,65580.257737728,0.0,65580.257737728,0.0,0,0,0.0
382,Moderate,Extensive,None,1654079.8340515837,102013.73425868797,1552066.0997928956,0.0,30,120,60.0
383,Moderate,Moderate,None,415341.6323389439,102013.73425868797,313327.8980802559,0.0,30,120,60.0
384,Slight,Moderate,None,335187.9839928319,21860.085912575996,313327.8980802559,0.0,5,10,0.0
385,Extensive,Moderate,None,816109.8740695037,502781.9759892479,313327.8980802559,0.0,120,480,480.0
386,Extensive,Extensive,Slight,2186008.5912575996,502781.9759892479,1552066.0997928956,131160.51547545596,120,480,480.0
387,Extensive,Moderate,Slight,947270.3895449596,502781.9759892479,313327.8980802559,131160.51547545596,120,480,480.0
388,Complete,Extensive,Slight,2688790.5672468473,1005563.9519784958,1552066.0997928956,131160.51547545596,240,960,960.0
389,Moderate,Moderate,Slight,546502.1478143998,102013.73425868797,313327.8980802559,131160.51547545596,30,120,60.0
390,Moderate,Moderate,None,415341.6323389439,102013.73425868797,313327.8980802559,0.0,30,120,60.0
391,Moderate,Moderate,None,415341.6323389439,102013.73425868797,313327.8980802559,0.0,30,120,60.0
392,Moderate,None,None,102013.73425868797,102013.73425868797,0.0,0.0,30,120,60.0
393,Slight,Moderate,Moderate,1012850.6472826877,21860.085912575996,313327.8980802559,677662.6632898558,5,10,0.0
394,Extensive,Slight,None,568362.2337269759,502781.9759892479,65580.257737728,0.0,120,480,480.0
395,Slight,Slight,Slight,218600.85912575995,21860.085912575996,65580.257737728,131160.51547545596,5,10,0.0
396,Complete,Complete,Slight,4233569.971735551,1005563.9519784958,3096845.504281599,131160.51547545596,240,960,960.0
397,Complete,Complete,Complete,10930042.956287997,1005563.9519784958,3096845.504281599,6827633.500027902,240,960,960.0
398,Slight,None,None,21860.085912575996,21860.085912575996,0.0,0.0,5,10,0.0
399,Slight,Slight,Slight,218600.85912575995,21860.085912575996,65580.257737728,131160.51547545596,5,10,0.0
400,Complete,Moderate,None,1318891.8500587516,1005563.9519784958,313327.8980802559,0.0,240,960,960.0
401,Complete,Complete,Complete,10930042.956287997,1005563.9519784958,3096845.504281599,6827633.500027902,240,960,960.0
402,Extensive,Complete,None,3599627.4802708467,502781.9759892479,3096845.504281599,0.0,120,480,480.0
403,Moderate,Extensive,Slight,1785240.3495270396,102013.73425868797,1552066.0997928956,131160.51547545596,30,120,60.0
404,Extensive,Extensive,None,2054848.0757821435,502781.9759892479,1552066.0997928956,0.0,120,480,480.0
405,None,None,None,0.0,0.0,0.0,0.0,0,0,0.0
406,Moderate,Moderate,None,415341.6323389439,102013.73425868797,313327.8980802559,0.0,30,120,60.0
407,Slight,None,None,21860.085912575996,21860.085912575996,0.0,0.0,5,10,0.0
408,Extensive,Moderate,Slight,947270.3895449596,502781.9759892479,313327.8980802559,131160.51547545596,120,480,480.0
409,Extensive,Extensive,Slight,2186008.5912575996,502781.9759892479,1552066.0997928956,131160.51547545596,120,480,480.0
410,Extensive,Moderate,Moderate,1493772.5373593597,502781.9759892479,313327.8980802559,677662.6632898558,120,480,480.0
411,None,None,Slight,131160.51547545596,0.0,0.0,131160.51547545596,0,0,0.0
412,None,None,None,0.0,0.0,0.0,0.0,0,0,0.0
413,Extensive,Moderate,Slight,947270.3895449596,502781.9759892479,313327.8980802559,131160.51547545596,120,480,480.0
414,Moderate,Moderate,Moderate,1093004.2956287996,102013.73425868797,313327.8980802559,677662.6632898558,30,120,60.0
415,Moderate,Moderate,None,415341.6323389439,102013.73425868797,313327.8980802559,0.0,30,120,60.0
416,None,None,None,0.0,0.0,0.0,0.0,0,0,0.0
417,Complete,Complete,Complete,10930042.956287997,1005563.9519784958,3096845.504281599,6827633.500027902,240,960,960.0
418,Moderate,Moderate,Slight,546502.1478143998,102013.73425868797,313327.8980802559,131160.51547545596,30,120,60.0
419,Moderate,Moderate,None,415341.6323389439,102013.73425868797,313327.8980802559,0.0,30,120,60.0
420,Extensive,Extensive,Slight,2186008.5912575996,502781.9759892479,1552066.0997928956,131160.51547545596,120,480,480.0
421,None,Slight,Moderate,743242.9210275838,0.0,65580.257737728,677662.6632898558,0,0,0.0
422,None,Slight,Slight,196740.77321318397,0.0,65580.257737728,131160.51547545596,0,0,0.0
423,Moderate,Moderate,Moderate,1093004.2956287996,102013.73425868797,313327.8980802559,677662.6632898558,30,120,60.0
424,Moderate,Moderate,None,415341.6323389439,102013.73425868797,313327.8980802559,0.0,30,120,60.0
425,Moderate,Extensive,None,1654079.8340515837,102013.73425868797,1552066.0997928956,0.0,30,120,60.0
426,Moderate,Slight,None,167593.99199641595,102013.73425868797,65580.257737728,0.0,30,120,60.0
427,Complete,Complete,Complete,10930042.956287997,1005563.9519784958,3096845.504281599,6827633.500027902,240,960,960.0
428,None,None,Slight,131160.51547545596,0.0,0.0,131160.51547545596,0,0,0.0
429,Extensive,Moderate,Slight,947270.3895449596,502781.9759892479,313327.8980802559,131160.51547545596,120,480,480.0
430,Slight,Slight,Slight,218600.85912575995,21860.085912575996,65580.257737728,131160.51547545596,5,10,0.0
431,Moderate,Moderate,None,415341.6323389439,102013.73425868797,313327.8980802559,0.0,30,120,60.0
432,Moderate,Slight,None,167593.99199641595,102013.73425868797,65580.257737728,0.0,30,120,60.0
433,Moderate,Slight,None,167593.99199641595,102013.73425868797,65580.257737728,0.0,30,120,60.0
434,Moderate,Moderate,None,415341.6323389439,102013.73425868797,313327.8980802559,0.0,30,120,60.0
435,Slight,Slight,None,87440.34365030398,21860.085912575996,65580.257737728,0.0,5,10,0.0
436,None,Slight,None,65580.257737728,0.0,65580.257737728,0.0,0,0,0.0
437,Moderate,None,None,102013.73425868797,102013.73425868797,0.0,0.0,30,120,60.0
438,Moderate,Moderate,None,415341.6323389439,102013.73425868797,313327.8980802559,0.0,30,120,60.0
439,Moderate,Extensive,Slight,1785240.3495270396,102013.73425868797,1552066.0997928956,131160.51547545596,30,120,60.0
440,Moderate,Moderate,Slight,546502.1478143998,102013.73425868797,313327.8980802559,131160.51547545596,30,120,60.0
441,Moderate,Moderate,None,415341.6323389439,102013.73425868797,313327.8980802559,0.0,30,120,60.0
442,Extensive,Moderate,None,816109.8740695037,502781.9759892479,313327.8980802559,0.0,120,480,480.0
443,None,Slight,None,65580.257737728,0.0,65580.257737728,0.0,0,0,0.0
444,Moderate,Moderate,Slight,546502.1478143998,102013.73425868797,313327.8980802559,131160.51547545596,30,120,60.0
445,Extensive,Moderate,None,816109.8740695037,502781.9759892479,313327.8980802559,0.0,120,480,480.0
446,None,None,None,0.0,0.0,0.0,0.0,0,0,0.0
447,Complete,Complete,None,4102409.456260095,1005563.9519784958,3096845.504281599,0.0,240,960,960.0
448,Extensive,Moderate,Slight,947270.3895449596,502781.9759892479,313327.8980802559,131160.51547545596,120,480,480.0
449,Complete,Extensive,Slight,2688790.5672468473,1005563.9519784958,1552066.0997928956,131160.51547545596,240,960,960.0
450,Slight,None,Slight,153020.60138803197,21860.085912575996,0.0,131160.51547545596,5,10,0.0
451,Extensive,Moderate,Slight,947270.3895449596,502781.9759892479,313327.8980802559,131160.51547545596,120,480,480.0
452,Extensive,Moderate,Slight,947270.3895449596,502781.9759892479,313327.8980802559,131160.51547545596,120,480,480.0
453,Moderate,Slight,Slight,298754.5074718719,102013.73425868797,65580.257737728,131160.51547545596,30,120,60.0
454,Extensive,Complete,Extensive,6375858.391167998,502781.9759892479,3096845.504281599,2776230.9108971516,120,480,480.0
455,None,Slight,None,65580.257737728,0.0,65580.257737728,0.0,0,0,0.0
456,Extensive,Complete,Moderate,4277290.143560703,502781.9759892479,3096845.504281599,677662.6632898558,120,480,480.0
457,None,Slight,None,65580.257737728,0.0,65580.257737728,0.0,0,0,0.0
458,Extensive,Moderate,Slight,947270.3895449596,502781.9759892479,313327.8980802559,131160.51547545596,120,480,480.0
459,Extensive,Extensive,None,2054848.0757821435,502781.9759892479,1552066.0997928956,0.0,120,480,480.0
460,Slight,Moderate,Slight,466348.49946828786,21860.085912575996,313327.8980802559,131160.51547545596,5,10,0.0
461,Extensive,Slight,None,568362.2337269759,502781.9759892479,65580.257737728,0.0,120,480,480.0
462,Slight,None,Slight,153020.60138803197,21860.085912575996,0.0,131160.51547545596,5,10,0.0
463,Slight,None,Slight,153020.60138803197,21860.085912575996,0.0,131160.51547545596,5,10,0.0
464,Moderate,Moderate,Moderate,1093004.2956287996,102013.73425868797,313327.8980802559,677662.6632898558,30,120,60.0
465,Extensive,Moderate,None,816109.8740695037,502781.9759892479,313327.8980802559,0.0,120,480,480.0
466,Moderate,Extensive,Slight,1785240.3495270396,102013.73425868797,1552066.0997928956,131160.51547545596,30,120,60.0
467,Slight,Moderate,None,335187.9839928319,21860.085912575996,313327.8980802559,0.0,5,10,0.0
468,Moderate,Slight,Slight,298754.5074718719,102013.73425868797,65580.257737728,131160.51547545596,30,120,60.0
469,Moderate,Slight,Slight,298754.5074718719,102013.73425868797,65580.257737728,131160.51547545596,30,120,60.0
470,None,None,None,0.0,0.0,0.0,0.0,0,0,0.0
471,Extensive,Moderate,None,816109.8740695037,502781.9759892479,313327.8980802559,0.0,120,480,480.0
472,Moderate,Slight,None,167593.99199641595,102013.73425868797,65580.257737728,0.0,30,120,60.0
473,Moderate,Moderate,None,415341.6323389439,102013.73425868797,313327.8980802559,0.0,30,120,60.0
474,Moderate,Slight,Slight,298754.5074718719,102013.73425868797,65580.257737728,131160.51547545596,30,120,60.0
475,Moderate,Extensive,Slight,1785240.3495270396,102013.73425868797,1552066.0997928956,131160.51547545596,30,120,60.0
476,Moderate,Slight,None,167593.99199641595,102013.73425868797,65580.257737728,0.0,30,120,60.0
477,Slight,None,None,21860.085912575996,21860.085912575996,0.0,0.0,5,10,0.0
478,Complete,Moderate,Slight,1450052.3655342076,1005563.9519784958,313327.8980802559,131160.51547545596,240,960,960.0
479,None,Slight,None,65580.257737728,0.0,65580.257737728,0.0,0,0,0.0
480,Moderate,Moderate,None,415341.6323389439,102013.73425868797,313327.8980802559,0.0,30,120,60.0
481,Moderate,Moderate,None,415341.6323389439,102013.73425868797,313327.8980802559,0.0,30,120,60.0
482,Extensive,Moderate,None,816109.8740695037,502781.9759892479,313327.8980802559,0.0,120,480,480.0
483,Moderate,Moderate,Moderate,1093004.2956287996,102013.73425868797,313327.8980802559,677662.6632898558,30,120,60.0
484,Moderate,Extensive,None,1654079.8340515837,102013.73425868797,1552066.0997928956,0.0,30,120,60.0
485,Extensive,Complete,Slight,3730787.995746303,502781.9759892479,3096845.504281599,131160.51547545596,120,480,480.0
486,Extensive,Moderate,None,816109.8740695037,502781.9759892479,313327.8980802559,0.0,120,480,480.0
487,Complete,Complete,Complete,10930042.956287997,1005563.9519784958,3096845.504281599,6827633.500027902,240,960,960.0
488,Complete,Complete,Complete,10930042.956287997,1005563.9519784958,3096845.504281599,6827633.500027902,240,960,960.0
489,Extensive,Extensive,Slight,2186008.5912575996,502781.9759892479,1552066.0997928956,131160.51547545596,120,480,480.0
490,Moderate,Slight,None,167593.99199641595,102013.73425868797,65580.257737728,0.0,30,120,60.0
491,Moderate,Moderate,Slight,546502.1478143998,102013.73425868797,313327.8980802559,131160.51547545596,30,120,60.0
492,Slight,None,None,21860.085912575996,21860.085912575996,0.0,0.0,5,10,0.0
493,Moderate,Moderate,None,415341.6323389439,102013.73425868797,313327.8980802559,0.0,30,120,60.0
494,Moderate,Slight,Slight,298754.5074718719,102013.73425868797,65580.257737728,131160.51547545596,30,120,60.0
495,None,Slight,None,65580.257737728,0.0,65580.257737728,0.0,0,0,0.0
496,Extensive,Complete,Slight,3730787.995746303,502781.9759892479,3096845.504281599,131160.51547545596,120,480,480.0
497,Slight,Moderate,None,335187.9839928319,21860.085912575996,313327.8980802559,0.0,5,10,0.0
498,Extensive,Moderate,Slight,947270.3895449596,502781.9759892479,313327.8980802559,131160.51547545596,120,480,480.0
499,Slight,Slight,None,87440.34365030398,21860.085912575996,65580.257737728,0.0,5,10,0.0
