,DS_Struct,DS_NonStruct_DriftSen,DS_NonStruct_AccelSen,RepairCost_Total,RepairCost_Struct,RepairCost_NonStruct_DriftSen,RepairCost_NonStruct_AccelSen,RepairTime,RecoveryTime,FunctionLossTime
0,None,Slight,Slight,163891.33285478398,0.0,54630.444284928,109260.88856985598,0,0,0.0
1,Moderate,Moderate,None,345992.8138045439,84980.69110988798,261012.12269465593,0.0,30,120,60.0
2,None,None,None,0.0,0.0,0.0,0.0,0,0,0.0
3,Moderate,Slight,Slight,248872.02396467197,84980.69110988798,54630.444284928,109260.88856985598,30,120,60.0
4,None,None,None,0.0,0.0,0.0,0.0,0,0,0.0
5,Moderate,Moderate,Extensive,2658681.621866496,84980.69110988798,261012.12269465593,2312688.808061952,30,120,60.0
6,Slight,Slight,None,72840.592379904,18210.148094975997,54630.444284928,0.0,5,10,0.0
7,Slight,None,None,18210.148094975997,18210.148094975997,0.0,0.0,5,10,0.0
8,Slight,None,Slight,127471.03666483198,18210.148094975997,0.0,109260.88856985598,5,10,0.0
9,None,None,None,0.0,0.0,0.0,0.0,0,0,0.0
10,Complete,Complete,Complete,9105074.047487998,837666.812368896,2579770.9801215995,5687636.254997503,240,960,960.0
11,Extensive,Moderate,Slight,789106.4174489599,418833.406184448,261012.12269465593,109260.88856985598,120,480,480.0
12,Moderate,Moderate,Slight,455253.7023743999,84980.69110988798,261012.12269465593,109260.88856985598,30,120,60.0
13,Slight,Slight,Slight,182101.48094975998,18210.148094975997,54630.444284928,109260.88856985598,5,10,0.0
14,Complete,Complete,Complete,9105074.047487998,837666.812368896,2579770.9801215995,5687636.254997503,240,960,960.0
15,Extensive,Moderate,Extensive,2992534.336941056,418833.406184448,261012.12269465593,2312688.808061952,120,480,480.0
16,Slight,None,None,18210.148094975997,18210.148094975997,0.0,0.0,5,10,0.0
17,Slight,Moderate,None,279222.27078963193,18210.148094975997,261012.12269465593,0.0,5,10,0.0
18,Extensive,Extensive,Moderate,2276268.5118719996,418833.406184448,1292920.5147432957,564514.5909442559,120,480,480.0
19,Slight,None,Moderate,582724.7390392319,18210.148094975997,0.0,564514.5909442559,5,10,0.0
20,Moderate,Slight,Slight,248872.02396467197,84980.69110988798,54630.444284928,109260.88856985598,30,120,60.0
21,Extensive,Moderate,Slight,789106.4174489599,418833.406184448,261012.12269465593,109260.88856985598,120,480,480.0
22,None,None,None,0.0,0.0,0.0,0.0,0,0,0.0
23,None,Slight,None,54630.444284928,0.0,54630.444284928,0.0,0,0,0.0
24,None,None,None,0.0,0.0,0.0,0.0,0,0,0.0
25,Extensive,Extensive,Extensive,4024442.728989695,418833.406184448,1292920.5147432957,2312688.808061952,120,480,480.0
26,Moderate,Moderate,None,345992.8138045439,84980.69110988798,261012.12269465593,0.0,30,120,60.0
27,Slight,None,None,18210.148094975997,18210.148094975997,0.0,0.0,5,10,0.0
28,None,Slight,None,54630.444284928,0.0,54630.444284928,0.0,0,0,0.0
29,None,Slight,None,54630.444284928,0.0,54630.444284928,0.0,0,0,0.0
30,Slight,None,None,18210.148094975997,18210.148094975997,0.0,0.0,5,10,0.0
31,None,None,None,0.0,0.0,0.0,0.0,0,0,0.0
32,None,Moderate,Slight,370273.0112645119,0.0,261012.12269465593,109260.88856985598,0,0,0.0
33,Slight,Moderate,Slight,388483.15935948794,18210.148094975997,261012.12269465593,109260.88856985598,5,10,0.0
34,None,None,None,0.0,0.0,0.0,0.0,0,0,0.0
35,Slight,Slight,Moderate,637355.1833241599,18210.148094975997,54630.444284928,564514.5909442559,5,10,0.0
36,Moderate,Slight,None,139611.135394816,84980.69110988798,54630.444284928,0.0,30,120,60.0
37,Moderate,Moderate,Slight,455253.7023743999,84980.69110988798,261012.12269465593,109260.88856985598,30,120,60.0
38,Slight,Slight,None,72840.592379904,18210.148094975997,54630.444284928,0.0,5,10,0.0
39,Moderate,Moderate,Slight,455253.7023743999,84980.69110988798,261012.12269465593,109260.88856985598,30,120,60.0
40,None,None,None,0.0,0.0,0.0,0.0,0,0,0.0
41,Moderate,Moderate,Slight,455253.7023743999,84980.69110988798,261012.12269465593,109260.88856985598,30,120,60.0
42,None,None,None,0.0,0.0,0.0,0.0,0,0,0.0
43,None,None,None,0.0,0.0,0.0,0.0,0,0,0.0
44,Slight,Slight,None,72840.592379904,18210.148094975997,54630.444284928,0.0,5,10,0.0
45,None,Slight,None,54630.444284928,0.0,54630.444284928,0.0,0,0,0.0
46,Slight,Moderate,None,279222.27078963193,18210.148094975997,261012.12269465593,0.0,5,10,0.0
47,Moderate,Moderate,Moderate,910507.4047487999,84980.69110988798,261012.12269465593,564514.5909442559,30,120,60.0
48,None,Slight,Moderate,619145.035229184,0.0,54630.444284928,564514.5909442559,0,0,0.0
49,Moderate,Slight,None,139611.135394816,84980.69110988798,54630.444284928,0.0,30,120,60.0
50,Moderate,Moderate,None,345992.8138045439,84980.69110988798,261012.12269465593,0.0,30,120,60.0
51,Moderate,Extensive,Slight,1487162.0944230398,84980.69110988798,1292920.5147432957,109260.88856985598,30,120,60.0
52,None,None,Moderate,564514.5909442559,0.0,0.0,564514.5909442559,0,0,0.0
53,Moderate,Slight,Slight,248872.02396467197,84980.69110988798,54630.444284928,109260.88856985598,30,120,60.0
54,Moderate,Moderate,Slight,455253.7023743999,84980.69110988798,261012.12269465593,109260.88856985598,30,120,60.0
55,Moderate,Slight,Moderate,704125.726339072,84980.69110988798,54630.444284928,564514.5909442559,30,120,60.0
56,Slight,Moderate,Slight,388483.15935948794,18210.148094975997,261012.12269465593,109260.88856985598,5,10,0.0
57,Moderate,Extensive,Slight,1487162.0944230398,84980.69110988798,1292920.5147432957,109260.88856985598,30,120,60.0
58,None,None,None,0.0,0.0,0.0,0.0,0,0,0.0
59,Slight,None,Slight,127471.03666483198,18210.148094975997,0.0,109260.88856985598,5,10,0.0
60,Moderate,Slight,None,139611.135394816,84980.69110988798,54630.444284928,0.0,30,120,60.0
61,Slight,None,None,18210.148094975997,18210.148094975997,0.0,0.0,5,10,0.0
62,Slight,None,None,18210.148094975997,18210.148094975997,0.0,0.0,5,10,0.0
63,Moderate,Moderate,None,345992.8138045439,84980.69110988798,261012.12269465593,0.0,30,120,60.0
64,None,Slight,None,54630.444284928,0.0,54630.444284928,0.0,0,0,0.0
65,Moderate,Moderate,None,345992.8138045439,84980.69110988798,261012.12269465593,0.0,30,120,60.0
66,None,Slight,None,54630.444284928,0.0,54630.444284928,0.0,0,0,0.0
67,Extensive,Moderate,None,679845.528879104,418833.406184448,261012.12269465593,0.0,120,480,480.0
68,Extensive,Moderate,None,679845.528879104,418833.406184448,261012.12269465593,0.0,120,480,480.0
69,Moderate,Moderate,Slight,455253.7023743999,84980.69110988798,261012.12269465593,109260.88856985598,30,120,60.0
70,None,None,None,0.0,0.0,0.0,0.0,0,0,0.0
71,Slight,Moderate,Moderate,843736.8617338878,18210.148094975997,261012.12269465593,564514.5909442559,5,10,0.0
72,Slight,Moderate,Slight,388483.15935948794,18210.148094975997,261012.12269465593,109260.88856985598,5,10,0.0
73,Moderate,Moderate,Slight,455253.7023743999,84980.69110988798,261012.12269465593,109260.88856985598,30,120,60.0
74,Moderate,Moderate,None,345992.8138045439,84980.69110988798,261012.12269465593,0.0,30,120,60.0
75,Moderate,None,None,84980.69110988798,84980.69110988798,0.0,0.0,30,120,60.0
76,Slight,Slight,Slight,182101.48094975998,18210.148094975997,54630.444284928,109260.88856985598,5,10,0.0
77,Slight,Slight,None,72840.592379904,18210.148094975997,54630.444284928,0.0,5,10,0.0
78,Slight,Slight,None,72840.592379904,18210.148094975997,54630.444284928,0.0,5,10,0.0
79,Slight,Moderate,Slight,388483.15935948794,18210.148094975997,261012.12269465593,109260.88856985598,5,10,0.0
80,None,Slight,Moderate,619145.035229184,0.0,54630.444284928,564514.5909442559,0,0,0.0
81,None,None,None,0.0,0.0,0.0,0.0,0,0,0.0
82,None,None,None,0.0,0.0,0.0,0.0,0,0,0.0
83,Slight,Slight,None,72840.592379904,18210.148094975997,54630.444284928,0.0,5,10,0.0
84,None,Slight,Slight,163891.33285478398,0.0,54630.444284928,109260.88856985598,0,0,0.0
85,None,None,None,0.0,0.0,0.0,0.0,0,0,0.0
86,None,Moderate,None,261012.12269465593,0.0,261012.12269465593,0.0,0,0,0.0
87,Moderate,Moderate,None,345992.8138045439,84980.69110988798,261012.12269465593,0.0,30,120,60.0
88,None,Slight,None,54630.444284928,0.0,54630.444284928,0.0,0,0,0.0
89,None,Slight,None,54630.444284928,0.0,54630.444284928,0.0,0,0,0.0
90,None,None,Slight,109260.88856985598,0.0,0.0,109260.88856985598,0,0,0.0
91,Slight,None,None,18210.148094975997,18210.148094975997,0.0,0.0,5,10,0.0
92,None,None,Slight,109260.88856985598,0.0,0.0,109260.88856985598,0,0,0.0
93,Moderate,Moderate,Slight,455253.7023743999,84980.69110988798,261012.12269465593,109260.88856985598,30,120,60.0
94,Slight,None,None,18210.148094975997,18210.148094975997,0.0,0.0,5,10,0.0
95,None,None,None,0.0,0.0,0.0,0.0,0,0,0.0
96,Slight,Moderate,Extensive,2591911.078851584,18210.148094975997,261012.12269465593,2312688.808061952,5,10,0.0
97,Slight,Slight,None,72840.592379904,18210.148094975997,54630.444284928,0.0,5,10,0.0
98,None,None,None,0.0,0.0,0.0,0.0,0,0,0.0
99,Moderate,Moderate,None,345992.8138045439,84980.69110988798,261012.12269465593,0.0,30,120,60.0
100,Slight,None,Slight,127471.03666483198,18210.148094975997,0.0,109260.88856985598,5,10,0.0
101,Moderate,Slight,Extensive,2452299.9434567676,84980.69110988798,54630.444284928,2312688.808061952,30,120,60.0
102,None,None,None,0.0,0.0,0.0,0.0,0,0,0.0
103,Slight,Moderate,None,279222.27078963193,18210.148094975997,261012.12269465593,0.0,5,10,0.0
104,Slight,Slight,None,72840.592379904,18210.148094975997,54630.444284928,0.0,5,10,0.0
105,None,None,None,0.0,0.0,0.0,0.0,0,0,0.0
106,None,None,None,0.0,0.0,0.0,0.0,0,0,0.0
107,None,None,None,0.0,0.0,0.0,0.0,0,0,0.0
108,None,None,None,0.0,0.0,0.0,0.0,0,0,0.0
109,Complete,Complete,Complete,9105074.047487998,837666.812368896,2579770.9801215995,5687636.254997503,240,960,960.0
110,None,Slight,None,54630.444284928,0.0,54630.444284928,0.0,0,0,0.0
111,Extensive,Slight,Slight,582724.7390392319,418833.406184448,54630.444284928,109260.88856985598,120,480,480.0
112,Moderate,Moderate,Moderate,910507.4047487999,84980.69110988798,261012.12269465593,564514.5909442559,30,120,60.0
113,Moderate,None,Extensive,2397669.4991718396,84980.69110988798,0.0,2312688.808061952,30,120,60.0
114,Moderate,Moderate,None,345992.8138045439,84980.69110988798,261012.12269465593,0.0,30,120,60.0
115,Slight,Moderate,None,279222.27078963193,18210.148094975997,261012.12269465593,0.0,5,10,0.0
116,Moderate,Slight,None,139611.135394816,84980.69110988798,54630.444284928,0.0,30,120,60.0
117,Moderate,None,None,84980.69110988798,84980.69110988798,0.0,0.0,30,120,60.0
118,Moderate,Extensive,Moderate,1942415.7967974397,84980.69110988798,1292920.5147432957,564514.5909442559,30,120,60.0
119,None,None,None,0.0,0.0,0.0,0.0,0,0,0.0
120,Slight,Slight,Moderate,637355.1833241599,18210.148094975997,54630.444284928,564514.5909442559,5,10,0.0
121,None,None,None,0.0,0.0,0.0,0.0,0,0,0.0
122,Moderate,Moderate,Moderate,910507.4047487999,84980.69110988798,261012.12269465593,564514.5909442559,30,120,60.0
123,Moderate,Slight,Extensive,2452299.9434567676,84980.69110988798,54630.444284928,2312688.808061952,30,120,60.0
124,Slight,Slight,Slight,182101.48094975998,18210.148094975997,54630.444284928,109260.88856985598,5,10,0.0
125,None,Slight,None,54630.444284928,0.0,54630.444284928,0.0,0,0,0.0
126,None,None,None,0.0,0.0,0.0,0.0,0,0,0.0
127,Slight,Slight,None,72840.592379904,18210.148094975997,54630.444284928,0.0,5,10,0.0
128,None,Slight,None,54630.444284928,0.0,54630.444284928,0.0,0,0,0.0
129,Slight,Moderate,Slight,388483.15935948794,18210.148094975997,261012.12269465593,109260.88856985598,5,10,0.0
130,Moderate,Slight,Slight,248872.02396467197,84980.69110988798,54630.444284928,109260.88856985598,30,120,60.0
131,Moderate,Slight,None,139611.135394816,84980.69110988798,54630.444284928,0.0,30,120,60.0
132,Slight,Slight,Moderate,637355.1833241599,18210.148094975997,54630.444284928,564514.5909442559,5,10,0.0
133,Moderate,Slight,None,139611.135394816,84980.69110988798,54630.444284928,0.0,30,120,60.0
134,Slight,None,Slight,127471.03666483198,18210.148094975997,0.0,109260.88856985598,5,10,0.0
135,Moderate,Moderate,Moderate,910507.4047487999,84980.69110988798,261012.12269465593,564514.5909442559,30,120,60.0
136,None,Slight,None,54630.444284928,0.0,54630.444284928,0.0,0,0,0.0
137,Moderate,Moderate,Slight,455253.7023743999,84980.69110988798,261012.12269465593,109260.88856985598,30,120,60.0
138,Moderate,Moderate,Slight,455253.7023743999,84980.69110988798,261012.12269465593,109260.88856985598,30,120,60.0
139,None,Slight,Slight,163891.33285478398,0.0,54630.444284928,109260.88856985598,0,0,0.0
140,None,None,None,0.0,0.0,0.0,0.0,0,0,0.0
141,Slight,Slight,None,72840.592379904,18210.148094975997,54630.444284928,0.0,5,10,0.0
142,Slight,None,None,18210.148094975997,18210.148094975997,0.0,0.0,5,10,0.0
143,Slight,None,None,18210.148094975997,18210.148094975997,0.0,0.0,5,10,0.0
144,None,None,None,0.0,0.0,0.0,0.0,0,0,0.0
145,Slight,Slight,None,72840.592379904,18210.148094975997,54630.444284928,0.0,5,10,0.0
146,None,None,None,0.0,0.0,0.0,0.0,0,0,0.0
147,Moderate,Moderate,None,345992.8138045439,84980.69110988798,261012.12269465593,0.0,30,120,60.0
148,Slight,Slight,Slight,182101.48094975998,18210.148094975997,54630.444284928,109260.88856985598,5,10,0.0
149,None,Slight,None,54630.444284928,0.0,54630.444284928,0.0,0,0,0.0
150,Moderate,Moderate,None,345992.8138045439,84980.69110988798,261012.12269465593,0.0,30,120,60.0
151,Moderate,Moderate,Slight,455253.7023743999,84980.69110988798,261012.12269465593,109260.88856985598,30,120,60.0
152,None,None,None,0.0,0.0,0.0,0.0,0,0,0.0
153,None,None,None,0.0,0.0,0.0,0.0,0,0,0.0
154,Slight,Moderate,None,279222.27078963193,18210.148094975997,261012.12269465593,0.0,5,10,0.0
155,None,Slight,None,54630.444284928,0.0,54630.444284928,0.0,0,0,0.0
156,Slight,Slight,None,72840.592379904,18210.148094975997,54630.444284928,0.0,5,10,0.0
157,Slight,Slight,Slight,182101.48094975998,18210.148094975997,54630.444284928,109260.88856985598,5,10,0.0
158,Moderate,Moderate,None,345992.8138045439,84980.69110988798,261012.12269465593,0.0,30,120,60.0
159,Slight,None,Slight,127471.03666483198,18210.148094975997,0.0,109260.88856985598,5,10,0.0
160,Extensive,Moderate,Extensive,2992534.336941056,418833.406184448,261012.12269465593,2312688.808061952,120,480,480.0
161,Moderate,Moderate,Slight,455253.7023743999,84980.69110988798,261012.12269465593,109260.88856985598,30,120,60.0
162,Slight,None,None,18210.148094975997,18210.148094975997,0.0,0.0,5,10,0.0
163,Moderate,Slight,Slight,248872.02396467197,84980.69110988798,54630.444284928,109260.88856985598,30,120,60.0
164,Slight,Slight,None,72840.592379904,18210.148094975997,54630.444284928,0.0,5,10,0.0
165,Moderate,Slight,Moderate,704125.726339072,84980.69110988798,54630.444284928,564514.5909442559,30,120,60.0
166,None,None,None,0.0,0.0,0.0,0.0,0,0,0.0
167,None,Slight,None,54630.444284928,0.0,54630.444284928,0.0,0,0,0.0
168,Slight,Slight,Slight,182101.48094975998,18210.148094975997,54630.444284928,109260.88856985598,5,10,0.0
169,Moderate,Moderate,Slight,455253.7023743999,84980.69110988798,261012.12269465593,109260.88856985598,30,120,60.0
170,Slight,Slight,None,72840.592379904,18210.148094975997,54630.444284928,0.0,5,10,0.0
171,Slight,Slight,None,72840.592379904,18210.148094975997,54630.444284928,0.0,5,10,0.0
172,Slight,None,None,18210.148094975997,18210.148094975997,0.0,0.0,5,10,0.0
173,Slight,None,None,18210.148094975997,18210.148094975997,0.0,0.0,5,10,0.0
174,Moderate,Moderate,Extensive,2658681.621866496,84980.69110988798,261012.12269465593,2312688.808061952,30,120,60.0
175,Moderate,Moderate,Extensive,2658681.621866496,84980.69110988798,261012.12269465593,2312688.808061952,30,120,60.0
176,None,Slight,None,54630.444284928,0.0,54630.444284928,0.0,0,0,0.0
177,None,Slight,None,54630.444284928,0.0,54630.444284928,0.0,0,0,0.0
178,Slight,Moderate,None,279222.27078963193,18210.148094975997,261012.12269465593,0.0,5,10,0.0
179,Moderate,Moderate,None,345992.8138045439,84980.69110988798,261012.12269465593,0.0,30,120,60.0
180,None,None,None,0.0,0.0,0.0,0.0,0,0,0.0
181,Moderate,Moderate,Slight,455253.7023743999,84980.69110988798,261012.12269465593,109260.88856985598,30,120,60.0
182,Slight,None,None,18210.148094975997,18210.148094975997,0.0,0.0,5,10,0.0
183,None,None,None,0.0,0.0,0.0,0.0,0,0,0.0
184,Slight,Moderate,Extensive,2591911.078851584,18210.148094975997,261012.12269465593,2312688.808061952,5,10,0.0
185,Slight,None,None,18210.148094975997,18210.148094975997,0.0,0.0,5,10,0.0
186,Extensive,Extensive,Moderate,2276268.5118719996,418833.406184448,1292920.5147432957,564514.5909442559,120,480,480.0
187,Moderate,Extensive,Extensive,3690590.0139151355,84980.69110988798,1292920.5147432957,2312688.808061952,30,120,60.0
188,Moderate,Moderate,None,345992.8138045439,84980.69110988798,261012.12269465593,0.0,30,120,60.0
189,None,Moderate,Slight,370273.0112645119,0.0,261012.12269465593,109260.88856985598,0,0,0.0
190,None,Slight,None,54630.444284928,0.0,54630.444284928,0.0,0,0,0.0
191,None,Slight,None,54630.444284928,0.0,54630.444284928,0.0,0,0,0.0
192,Slight,Extensive,Slight,1420391.5514081279,18210.148094975997,1292920.5147432957,109260.88856985598,5,10,0.0
193,Slight,Slight,None,72840.592379904,18210.148094975997,54630.444284928,0.0,5,10,0.0
194,Slight,Slight,None,72840.592379904,18210.148094975997,54630.444284928,0.0,5,10,0.0
195,None,None,None,0.0,0.0,0.0,0.0,0,0,0.0
196,None,None,None,0.0,0.0,0.0,0.0,0,0,0.0
197,Slight,None,None,18210.148094975997,18210.148094975997,0.0,0.0,5,10,0.0
198,Slight,Slight,Slight,182101.48094975998,18210.148094975997,54630.444284928,109260.88856985598,5,10,0.0
199,Moderate,Slight,Slight,248872.02396467197,84980.69110988798,54630.444284928,109260.88856985598,30,120,60.0
200,Extensive,Extensive,Slight,1821014.8094975997,418833.406184448,1292920.5147432957,109260.88856985598,120,480,480.0
201,None,Moderate,None,261012.12269465593,0.0,261012.12269465593,0.0,0,0,0.0
202,Slight,None,None,18210.148094975997,18210.148094975997,0.0,0.0,5,10,0.0
203,None,None,None,0.0,0.0,0.0,0.0,0,0,0.0
204,Extensive,Extensive,Extensive,4024442.728989695,418833.406184448,1292920.5147432957,2312688.808061952,120,480,480.0
205,Moderate,Slight,None,139611.135394816,84980.69110988798,54630.444284928,0.0,30,120,60.0
206,Slight,Slight,None,72840.592379904,18210.148094975997,54630.444284928,0.0,5,10,0.0
207,Slight,None,Slight,127471.03666483198,18210.148094975997,0.0,109260.88856985598,5,10,0.0
208,Moderate,Moderate,Slight,455253.7023743999,84980.69110988798,261012.12269465593,109260.88856985598,30,120,60.0
209,Moderate,Slight,None,139611.135394816,84980.69110988798,54630.444284928,0.0,30,120,60.0
210,None,Slight,None,54630.444284928,0.0,54630.444284928,0.0,0,0,0.0
211,Moderate,None,Moderate,649495.282054144,84980.69110988798,0.0,564514.5909442559,30,120,60.0
212,Slight,Moderate,None,279222.27078963193,18210.148094975997,261012.12269465593,0.0,5,10,0.0
213,Moderate,Moderate,Moderate,910507.4047487999,84980.69110988798,261012.12269465593,564514.5909442559,30,120,60.0
214,Complete,Complete,Complete,9105074.047487998,837666.812368896,2579770.9801215995,5687636.254997503,240,960,960.0
215,Slight,Slight,Slight,182101.48094975998,18210.148094975997,54630.444284928,109260.88856985598,5,10,0.0
216,None,None,None,0.0,0.0,0.0,0.0,0,0,0.0
217,Slight,None,None,18210.148094975997,18210.148094975997,0.0,0.0,5,10,0.0
218,Slight,Slight,None,72840.592379904,18210.148094975997,54630.444284928,0.0,5,10,0.0
219,Moderate,None,Slight,194241.57967974397,84980.69110988798,0.0,109260.88856985598,30,120,60.0
220,None,Slight,None,54630.444284928,0.0,54630.444284928,0.0,0,0,0.0
221,Moderate,Extensive,Slight,1487162.0944230398,84980.69110988798,1292920.5147432957,109260.88856985598,30,120,60.0
222,Slight,Slight,Moderate,637355.1833241599,18210.148094975997,54630.444284928,564514.5909442559,5,10,0.0
223,None,Slight,None,54630.444284928,0.0,54630.444284928,0.0,0,0,0.0
224,Slight,None,Slight,127471.03666483198,18210.148094975997,0.0,109260.88856985598,5,10,0.0
225,None,Slight,None,54630.444284928,0.0,54630.444284928,0.0,0,0,0.0
226,Complete,Complete,Complete,9105074.047487998,837666.812368896,2579770.9801215995,5687636.254997503,240,960,960.0
227,Slight,None,Slight,127471.03666483198,18210.148094975997,0.0,109260.88856985598,5,10,0.0
228,Moderate,Extensive,Slight,1487162.0944230398,84980.69110988798,1292920.5147432957,109260.88856985598,30,120,60.0
229,Moderate,Moderate,Slight,455253.7023743999,84980.69110988798,261012.12269465593,109260.88856985598,30,120,60.0
230,None,None,None,0.0,0.0,0.0,0.0,0,0,0.0
231,None,Slight,None,54630.444284928,0.0,54630.444284928,0.0,0,0,0.0
232,None,None,None,0.0,0.0,0.0,0.0,0,0,0.0
233,None,None,None,0.0,0.0,0.0,0.0,0,0,0.0
234,Slight,None,None,18210.148094975997,18210.148094975997,0.0,0.0,5,10,0.0
235,Moderate,Moderate,Extensive,2658681.621866496,84980.69110988798,261012.12269465593,2312688.808061952,30,120,60.0
236,Slight,Slight,None,72840.592379904,18210.148094975997,54630.444284928,0.0,5,10,0.0
237,Moderate,Slight,Slight,248872.02396467197,84980.69110988798,54630.444284928,109260.88856985598,30,120,60.0
238,Moderate,Moderate,Extensive,2658681.621866496,84980.69110988798,261012.12269465593,2312688.808061952,30,120,60.0
239,Slight,Moderate,Slight,388483.15935948794,18210.148094975997,261012.12269465593,109260.88856985598,5,10,0.0
240,Moderate,Slight,None,139611.135394816,84980.69110988798,54630.444284928,0.0,30,120,60.0
241,Moderate,Moderate,Extensive,2658681.621866496,84980.69110988798,261012.12269465593,2312688.808061952,30,120,60.0
242,None,None,None,0.0,0.0,0.0,0.0,0,0,0.0
243,None,None,None,0.0,0.0,0.0,0.0,0,0,0.0
244,Extensive,Complete,Extensive,5311293.194367999,418833.406184448,2579770.9801215995,2312688.808061952,120,480,480.0
245,None,Slight,None,54630.444284928,0.0,54630.444284928,0.0,0,0,0.0
246,Moderate,Slight,Slight,248872.02396467197,84980.69110988798,54630.444284928,109260.88856985598,30,120,60.0
247,Moderate,None,None,84980.69110988798,84980.69110988798,0.0,0.0,30,120,60.0
248,Moderate,Moderate,Slight,455253.7023743999,84980.69110988798,261012.12269465593,109260.88856985598,30,120,60.0
249,Moderate,Extensive,Slight,1487162.0944230398,84980.69110988798,1292920.5147432957,109260.88856985598,30,120,60.0
250,None,None,None,0.0,0.0,0.0,0.0,0,0,0.0
251,Moderate,Slight,None,139611.135394816,84980.69110988798,54630.444284928,0.0,30,120,60.0
252,Moderate,None,None,84980.69110988798,84980.69110988798,0.0,0.0,30,120,60.0
253,Moderate,Slight,Slight,248872.02396467197,84980.69110988798,54630.444284928,109260.88856985598,30,120,60.0
254,None,Slight,None,54630.444284928,0.0,54630.444284928,0.0,0,0,0.0
255,Moderate,Moderate,Moderate,910507.4047487999,84980.69110988798,261012.12269465593,564514.5909442559,30,120,60.0
256,None,None,None,0.0,0.0,0.0,0.0,0,0,0.0
257,Slight,Slight,None,72840.592379904,18210.148094975997,54630.444284928,0.0,5,10,0.0
258,None,Slight,Slight,163891.33285478398,0.0,54630.444284928,109260.88856985598,0,0,0.0
259,Moderate,Moderate,Moderate,910507.4047487999,84980.69110988798,261012.12269465593,564514.5909442559,30,120,60.0
260,Slight,None,None,18210.148094975997,18210.148094975997,0.0,0.0,5,10,0.0
261,Slight,Slight,None,72840.592379904,18210.148094975997,54630.444284928,0.0,5,10,0.0
262,Moderate,Slight,None,139611.135394816,84980.69110988798,54630.444284928,0.0,30,120,60.0
263,Moderate,Moderate,Slight,455253.7023743999,84980.69110988798,261012.12269465593,109260.88856985598,30,120,60.0
264,Slight,Slight,None,72840.592379904,18210.148094975997,54630.444284928,0.0,5,10,0.0
265,None,None,None,0.0,0.0,0.0,0.0,0,0,0.0
266,Slight,Slight,None,72840.592379904,18210.148094975997,54630.444284928,0.0,5,10,0.0
267,None,None,None,0.0,0.0,0.0,0.0,0,0,0.0
268,None,None,None,0.0,0.0,0.0,0.0,0,0,0.0
269,Slight,None,None,18210.148094975997,18210.148094975997,0.0,0.0,5,10,0.0
270,None,None,None,0.0,0.0,0.0,0.0,0,0,0.0
271,Slight,Moderate,None,279222.27078963193,18210.148094975997,261012.12269465593,0.0,5,10,0.0
272,None,Slight,None,54630.444284928,0.0,54630.444284928,0.0,0,0,0.0
273,Slight,Slight,None,72840.592379904,18210.148094975997,54630.444284928,0.0,5,10,0.0
274,Slight,Moderate,None,279222.27078963193,18210.148094975997,261012.12269465593,0.0,5,10,0.0
275,Slight,Moderate,Slight,388483.15935948794,18210.148094975997,261012.12269465593,109260.88856985598,5,10,0.0
276,Moderate,None,None,84980.69110988798,84980.69110988798,0.0,0.0,30,120,60.0
277,Slight,None,None,18210.148094975997,18210.148094975997,0.0,0.0,5,10,0.0
278,Slight,Moderate,None,279222.27078963193,18210.148094975997,261012.12269465593,0.0,5,10,0.0
279,Slight,Slight,Slight,182101.48094975998,18210.148094975997,54630.444284928,109260.88856985598,5,10,0.0
280,None,None,None,0.0,0.0,0.0,0.0,0,0,0.0
281,Moderate,Slight,Slight,248872.02396467197,84980.69110988798,54630.444284928,109260.88856985598,30,120,60.0
282,Slight,None,None,18210.148094975997,18210.148094975997,0.0,0.0,5,10,0.0
283,Moderate,Moderate,Slight,455253.7023743999,84980.69110988798,261012.12269465593,109260.88856985598,30,120,60.0
284,Slight,Moderate,Slight,388483.15935948794,18210.148094975997,261012.12269465593,109260.88856985598,5,10,0.0
285,Moderate,Moderate,None,345992.8138045439,84980.69110988798,261012.12269465593,0.0,30,120,60.0
286,Moderate,Slight,None,139611.135394816,84980.69110988798,54630.444284928,0.0,30,120,60.0
287,Slight,Moderate,Slight,388483.15935948794,18210.148094975997,261012.12269465593,109260.88856985598,5,10,0.0
288,Slight,None,None,18210.148094975997,18210.148094975997,0.0,0.0,5,10,0.0
289,None,None,None,0.0,0.0,0.0,0.0,0,0,0.0
290,Extensive,Extensive,Slight,1821014.8094975997,418833.406184448,1292920.5147432957,109260.88856985598,120,480,480.0
291,Slight,Slight,None,72840.592379904,18210.148094975997,54630.444284928,0.0,5,10,0.0
292,Slight,None,None,18210.148094975997,18210.148094975997,0.0,0.0,5,10,0.0
293,Moderate,Moderate,Slight,455253.7023743999,84980.69110988798,261012.12269465593,109260.88856985598,30,120,60.0
294,None,Slight,None,54630.444284928,0.0,54630.444284928,0.0,0,0,0.0
295,None,None,None,0.0,0.0,0.0,0.0,0,0,0.0
296,Moderate,Slight,None,139611.135394816,84980.69110988798,54630.444284928,0.0,30,120,60.0
297,None,None,None,0.0,0.0,0.0,0.0,0,0,0.0
298,Slight,Slight,Slight,182101.48094975998,18210.148094975997,54630.444284928,109260.88856985598,5,10,0.0
299,None,None,None,0.0,0.0,0.0,0.0,0,0,0.0
300,Slight,Slight,None,72840.592379904,18210.148094975997,54630.444284928,0.0,5,10,0.0
301,Slight,Moderate,None,279222.27078963193,18210.148094975997,261012.12269465593,0.0,5,10,0.0
302,Moderate,Slight,Slight,248872.02396467197,84980.69110988798,54630.444284928,109260.88856985598,30,120,60.0
303,None,None,None,0.0,0.0,0.0,0.0,0,0,0.0
304,None,Slight,None,54630.444284928,0.0,54630.444284928,0.0,0,0,0.0
305,None,Slight,None,54630.444284928,0.0,54630.444284928,0.0,0,0,0.0
306,None,Slight,Slight,163891.33285478398,0.0,54630.444284928,109260.88856985598,0,0,0.0
307,Slight,Slight,Slight,182101.48094975998,18210.148094975997,54630.444284928,109260.88856985598,5,10,0.0
308,None,None,None,0.0,0.0,0.0,0.0,0,0,0.0
309,Slight,Moderate,None,279222.27078963193,18210.148094975997,261012.12269465593,0.0,5,10,0.0
310,None,None,None,0.0,0.0,0.0,0.0,0,0,0.0
311,Slight,None,None,18210.148094975997,18210.148094975997,0.0,0.0,5,10,0.0
312,None,None,None,0.0,0.0,0.0,0.0,0,0,0.0
313,None,None,None,0.0,0.0,0.0,0.0,0,0,0.0
314,Slight,Slight,None,72840.592379904,18210.148094975997,54630.444284928,0.0,5,10,0.0
315,None,Moderate,None,261012.12269465593,0.0,261012.12269465593,0.0,0,0,0.0
316,None,None,None,0.0,0.0,0.0,0.0,0,0,0.0
317,Slight,Slight,None,72840.592379904,18210.148094975997,54630.444284928,0.0,5,10,0.0
318,None,None,None,0.0,0.0,0.0,0.0,0,0,0.0
319,Slight,None,None,18210.148094975997,18210.148094975997,0.0,0.0,5,10,0.0
320,Slight,Slight,None,72840.592379904,18210.148094975997,54630.444284928,0.0,5,10,0.0
321,Slight,Slight,Slight,182101.48094975998,18210.148094975997,54630.444284928,109260.88856985598,5,10,0.0
322,Slight,None,None,18210.148094975997,18210.148094975997,0.0,0.0,5,10,0.0
323,Moderate,None,Slight,194241.57967974397,84980.69110988798,0.0,109260.88856985598,30,120,60.0
324,None,None,None,0.0,0.0,0.0,0.0,0,0,0.0
325,None,Moderate,None,261012.12269465593,0.0,261012.12269465593,0.0,0,0,0.0
326,Slight,Slight,Slight,182101.48094975998,18210.148094975997,54630.444284928,109260.88856985598,5,10,0.0
327,None,None,Slight,109260.88856985598,0.0,0.0,109260.88856985598,0,0,0.0
328,Moderate,Moderate,Moderate,910507.4047487999,84980.69110988798,261012.12269465593,564514.5909442559,30,120,60.0
329,None,None,None,0.0,0.0,0.0,0.0,0,0,0.0
330,Slight,None,None,18210.148094975997,18210.148094975997,0.0,0.0,5,10,0.0
331,Moderate,Moderate,Moderate,910507.4047487999,84980.69110988798,261012.12269465593,564514.5909442559,30,120,60.0
332,Slight,Moderate,None,279222.27078963193,18210.148094975997,261012.12269465593,0.0,5,10,0.0
333,Slight,Slight,None,72840.592379904,18210.148094975997,54630.444284928,0.0,5,10,0.0
334,None,None,None,0.0,0.0,0.0,0.0,0,0,0.0
335,Slight,None,None,18210.148094975997,18210.148094975997,0.0,0.0,5,10,0.0
336,Slight,Slight,None,72840.592379904,18210.148094975997,54630.444284928,0.0,5,10,0.0
337,Moderate,Moderate,Moderate,910507.4047487999,84980.69110988798,261012.12269465593,564514.5909442559,30,120,60.0
338,None,None,None,0.0,0.0,0.0,0.0,0,0,0.0
339,Slight,Moderate,None,279222.27078963193,18210.148094975997,261012.12269465593,0.0,5,10,0.0
340,None,None,None,0.0,0.0,0.0,0.0,0,0,0.0
341,Moderate,Moderate,Slight,455253.7023743999,84980.69110988798,261012.12269465593,109260.88856985598,30,120,60.0
342,None,Slight,None,54630.444284928,0.0,54630.444284928,0.0,0,0,0.0
343,Moderate,Moderate,Slight,455253.7023743999,84980.69110988798,261012.12269465593,109260.88856985598,30,120,60.0
344,Moderate,Slight,None,139611.135394816,84980.69110988798,54630.444284928,0.0,30,120,60.0
345,None,None,None,0.0,0.0,0.0,0.0,0,0,0.0
346,Slight,Slight,Slight,182101.48094975998,18210.148094975997,54630.444284928,109260.88856985598,5,10,0.0
347,None,None,None,0.0,0.0,0.0,0.0,0,0,0.0
348,None,None,Slight,109260.88856985598,0.0,0.0,109260.88856985598,0,0,0.0
349,Moderate,Moderate,Slight,455253.7023743999,84980.69110988798,261012.12269465593,109260.88856985598,30,120,60.0
350,None,None,None,0.0,0.0,0.0,0.0,0,0,0.0
351,None,None,None,0.0,0.0,0.0,0.0,0,0,0.0
352,Moderate,Moderate,Slight,455253.7023743999,84980.69110988798,261012.12269465593,109260.88856985598,30,120,60.0
353,None,None,None,0.0,0.0,0.0,0.0,0,0,0.0
354,None,None,None,0.0,0.0,0.0,0.0,0,0,0.0
355,Slight,Slight,None,72840.592379904,18210.148094975997,54630.444284928,0.0,5,10,0.0
356,None,None,None,0.0,0.0,0.0,0.0,0,0,0.0
357,Moderate,Slight,Slight,248872.02396467197,84980.69110988798,54630.444284928,109260.88856985598,30,120,60.0
358,Moderate,Moderate,None,345992.8138045439,84980.69110988798,261012.12269465593,0.0,30,120,60.0
359,Slight,None,None,18210.148094975997,18210.148094975997,0.0,0.0,5,10,0.0
360,Moderate,Moderate,None,345992.8138045439,84980.69110988798,261012.12269465593,0.0,30,120,60.0
361,Moderate,Slight,None,139611.135394816,84980.69110988798,54630.444284928,0.0,30,120,60.0
362,None,None,None,0.0,0.0,0.0,0.0,0,0,0.0
363,Moderate,Moderate,None,345992.8138045439,84980.69110988798,261012.12269465593,0.0,30,120,60.0
364,Slight,Slight,None,72840.592379904,18210.148094975997,54630.444284928,0.0,5,10,0.0
365,Moderate,Moderate,None,345992.8138045439,84980.69110988798,261012.12269465593,0.0,30,120,60.0
366,Moderate,Extensive,Slight,1487162.0944230398,84980.69110988798,1292920.5147432957,109260.88856985598,30,120,60.0
367,Slight,Slight,None,72840.592379904,18210.148094975997,54630.444284928,0.0,5,10,0.0
368,Moderate,Moderate,None,345992.8138045439,84980.69110988798,261012.12269465593,0.0,30,120,60.0
369,Slight,None,None,18210.148094975997,18210.148094975997,0.0,0.0,5,10,0.0
370,None,None,None,0.0,0.0,0.0,0.0,0,0,0.0
371,Extensive,Moderate,Moderate,1244360.11982336,418833.406184448,261012.12269465593,564514.5909442559,120,480,480.0
372,None,None,None,0.0,0.0,0.0,0.0,0,0,0.0
373,None,None,None,0.0,0.0,0.0,0.0,0,0,0.0
374,Slight,Slight,None,72840.592379904,18210.148094975997,54630.444284928,0.0,5,10,0.0
375,None,Slight,None,54630.444284928,0.0,54630.444284928,0.0,0,0,0.0
376,Slight,Moderate,Slight,388483.15935948794,18210.148094975997,261012.12269465593,109260.88856985598,5,10,0.0
377,Slight,Slight,None,72840.592379904,18210.148094975997,54630.444284928,0.0,5,10,0.0
378,Slight,Slight,None,72840.592379904,18210.148094975997,54630.444284928,0.0,5,10,0.0
379,None,None,None,0.0,0.0,0.0,0.0,0,0,0.0
380,None,Moderate,None,261012.12269465593,0.0,261012.12269465593,0.0,0,0,0.0
381,None,None,None,0.0,0.0,0.0,0.0,0,0,0.0
382,Moderate,Moderate,Slight,455253.7023743999,84980.69110988798,261012.12269465593,109260.88856985598,30,120,60.0
383,Slight,Slight,None,72840.592379904,18210.148094975997,54630.444284928,0.0,5,10,0.0
384,Moderate,None,None,84980.69110988798,84980.69110988798,0.0,0.0,30,120,60.0
385,Slight,Moderate,Moderate,843736.8617338878,18210.148094975997,261012.12269465593,564514.5909442559,5,10,0.0
386,Moderate,Moderate,None,345992.8138045439,84980.69110988798,261012.12269465593,0.0,30,120,60.0
387,Moderate,Moderate,None,345992.8138045439,84980.69110988798,261012.12269465593,0.0,30,120,60.0
388,Slight,Slight,Slight,182101.48094975998,18210.148094975997,54630.444284928,109260.88856985598,5,10,0.0
389,Moderate,Moderate,Moderate,910507.4047487999,84980.69110988798,261012.12269465593,564514.5909442559,30,120,60.0
390,None,None,None,0.0,0.0,0.0,0.0,0,0,0.0
391,Moderate,Moderate,Moderate,910507.4047487999,84980.69110988798,261012.12269465593,564514.5909442559,30,120,60.0
392,Slight,Moderate,None,279222.27078963193,18210.148094975997,261012.12269465593,0.0,5,10,0.0
393,None,Slight,None,54630.444284928,0.0,54630.444284928,0.0,0,0,0.0
394,None,None,None,0.0,0.0,0.0,0.0,0,0,0.0
395,Slight,Slight,Slight,182101.48094975998,18210.148094975997,54630.444284928,109260.88856985598,5,10,0.0
396,Moderate,Moderate,None,345992.8138045439,84980.69110988798,261012.12269465593,0.0,30,120,60.0
397,Slight,Moderate,Slight,388483.15935948794,18210.148094975997,261012.12269465593,109260.88856985598,5,10,0.0
398,None,None,None,0.0,0.0,0.0,0.0,0,0,0.0
399,Slight,Moderate,None,279222.27078963193,18210.148094975997,261012.12269465593,0.0,5,10,0.0
400,Moderate,Slight,Slight,248872.02396467197,84980.69110988798,54630.444284928,109260.88856985598,30,120,60.0
401,Slight,Slight,Slight,182101.48094975998,18210.148094975997,54630.444284928,109260.88856985598,5,10,0.0
402,Slight,Moderate,None,279222.27078963193,18210.148094975997,261012.12269465593,0.0,5,10,0.0
403,Moderate,None,None,84980.69110988798,84980.69110988798,0.0,0.0,30,120,60.0
404,None,None,None,0.0,0.0,0.0,0.0,0,0,0.0
405,None,Slight,None,54630.444284928,0.0,54630.444284928,0.0,0,0,0.0
406,Slight,Slight,None,72840.592379904,18210.148094975997,54630.444284928,0.0,5,10,0.0
407,Moderate,Moderate,None,345992.8138045439,84980.69110988798,261012.12269465593,0.0,30,120,60.0
408,None,Moderate,None,261012.12269465593,0.0,261012.12269465593,0.0,0,0,0.0
409,None,None,None,0.0,0.0,0.0,0.0,0,0,0.0
410,Slight,None,Slight,127471.03666483198,18210.148094975997,0.0,109260.88856985598,5,10,0.0
411,Slight,None,None,18210.148094975997,18210.148094975997,0.0,0.0,5,10,0.0
412,Slight,Slight,None,72840.592379904,18210.148094975997,54630.444284928,0.0,5,10,0.0
413,None,None,None,0.0,0.0,0.0,0.0,0,0,0.0
414,Slight,Slight,None,72840.592379904,18210.148094975997,54630.444284928,0.0,5,10,0.0
415,Slight,Slight,Slight,182101.48094975998,18210.148094975997,54630.444284928,109260.88856985598,5,10,0.0
416,Moderate,Slight,None,139611.135394816,84980.69110988798,54630.444284928,0.0,30,120,60.0
417,Complete,Complete,Complete,9105074.047487998,837666.812368896,2579770.9801215995,5687636.254997503,240,960,960.0
418,None,None,None,0.0,0.0,0.0,0.0,0,0,0.0
419,Slight,Slight,Slight,182101.48094975998,18210.148094975997,54630.444284928,109260.88856985598,5,10,0.0
420,Moderate,Slight,None,139611.135394816,84980.69110988798,54630.444284928,0.0,30,120,60.0
421,Slight,Slight,None,72840.592379904,18210.148094975997,54630.444284928,0.0,5,10,0.0
422,Slight,None,None,18210.148094975997,18210.148094975997,0.0,0.0,5,10,0.0
423,None,Slight,None,54630.444284928,0.0,54630.444284928,0.0,0,0,0.0
424,None,None,None,0.0,0.0,0.0,0.0,0,0,0.0
425,Moderate,Moderate,Moderate,910507.4047487999,84980.69110988798,261012.12269465593,564514.5909442559,30,120,60.0
426,Slight,None,None,18210.148094975997,18210.148094975997,0.0,0.0,5,10,0.0
427,None,Moderate,Slight,370273.0112645119,0.0,261012.12269465593,109260.88856985598,0,0,0.0
428,None,None,None,0.0,0.0,0.0,0.0,0,0,0.0
429,Slight,None,Slight,127471.03666483198,18210.148094975997,0.0,109260.88856985598,5,10,0.0
430,Moderate,Moderate,Slight,455253.7023743999,84980.69110988798,261012.12269465593,109260.88856985598,30,120,60.0
431,None,Slight,None,54630.444284928,0.0,54630.444284928,0.0,0,0,0.0
432,None,None,None,0.0,0.0,0.0,0.0,0,0,0.0
433,Slight,Slight,None,72840.592379904,18210.148094975997,54630.444284928,0.0,5,10,0.0
434,None,None,None,0.0,0.0,0.0,0.0,0,0,0.0
435,None,None,None,0.0,0.0,0.0,0.0,0,0,0.0
436,None,None,None,0.0,0.0,0.0,0.0,0,0,0.0
437,Moderate,Slight,Moderate,704125.726339072,84980.69110988798,54630.444284928,564514.5909442559,30,120,60.0
438,None,Moderate,None,261012.12269465593,0.0,261012.12269465593,0.0,0,0,0.0
439,Moderate,Slight,None,139611.135394816,84980.69110988798,54630.444284928,0.0,30,120,60.0
440,Extensive,Moderate,Slight,789106.4174489599,418833.406184448,261012.12269465593,109260.88856985598,120,480,480.0
441,Moderate,Moderate,Moderate,910507.4047487999,84980.69110988798,261012.12269465593,564514.5909442559,30,120,60.0
442,Moderate,Moderate,Slight,455253.7023743999,84980.69110988798,261012.12269465593,109260.88856985598,30,120,60.0
443,None,None,None,0.0,0.0,0.0,0.0,0,0,0.0
444,None,None,None,0.0,0.0,0.0,0.0,0,0,0.0
445,Moderate,Slight,None,139611.135394816,84980.69110988798,54630.444284928,0.0,30,120,60.0
446,None,Slight,None,54630.444284928,0.0,54630.444284928,0.0,0,0,0.0
447,Moderate,Moderate,Slight,455253.7023743999,84980.69110988798,261012.12269465593,109260.88856985598,30,120,60.0
448,Slight,Slight,Slight,182101.48094975998,18210.148094975997,54630.444284928,109260.88856985598,5,10,0.0
449,Complete,Complete,Complete,9105074.047487998,837666.812368896,2579770.9801215995,5687636.254997503,240,960,960.0
450,Slight,None,Moderate,582724.7390392319,18210.148094975997,0.0,564514.5909442559,5,10,0.0
451,None,Slight,None,54630.444284928,0.0,54630.444284928,0.0,0,0,0.0
452,Moderate,Slight,Slight,248872.02396467197,84980.69110988798,54630.444284928,109260.88856985598,30,120,60.0
453,Slight,Moderate,Moderate,843736.8617338878,18210.148094975997,261012.12269465593,564514.5909442559,5,10,0.0
454,Slight,Slight,Slight,182101.48094975998,18210.148094975997,54630.444284928,109260.88856985598,5,10,0.0
455,None,None,None,0.0,0.0,0.0,0.0,0,0,0.0
456,Moderate,Moderate,Moderate,910507.4047487999,84980.69110988798,261012.12269465593,564514.5909442559,30,120,60.0
457,Moderate,Slight,Slight,248872.02396467197,84980.69110988798,54630.444284928,109260.88856985598,30,120,60.0
458,Moderate,Moderate,Slight,455253.7023743999,84980.69110988798,261012.12269465593,109260.88856985598,30,120,60.0
459,None,None,Slight,109260.88856985598,0.0,0.0,109260.88856985598,0,0,0.0
460,Slight,Slight,None,72840.592379904,18210.148094975997,54630.444284928,0.0,5,10,0.0
461,Slight,Slight,None,72840.592379904,18210.148094975997,54630.444284928,0.0,5,10,0.0
462,None,None,None,0.0,0.0,0.0,0.0,0,0,0.0
463,None,None,None,0.0,0.0,0.0,0.0,0,0,0.0
464,Slight,Slight,None,72840.592379904,18210.148094975997,54630.444284928,0.0,5,10,0.0
465,Moderate,Moderate,None,345992.8138045439,84980.69110988798,261012.12269465593,0.0,30,120,60.0
466,Slight,Moderate,None,279222.27078963193,18210.148094975997,261012.12269465593,0.0,5,10,0.0
467,None,None,None,0.0,0.0,0.0,0.0,0,0,0.0
468,Slight,Slight,None,72840.592379904,18210.148094975997,54630.444284928,0.0,5,10,0.0
469,Slight,None,None,18210.148094975997,18210.148094975997,0.0,0.0,5,10,0.0
470,None,None,None,0.0,0.0,0.0,0.0,0,0,0.0
471,Slight,Slight,None,72840.592379904,18210.148094975997,54630.444284928,0.0,5,10,0.0
472,None,Slight,None,54630.444284928,0.0,54630.444284928,0.0,0,0,0.0
473,None,Slight,Slight,163891.33285478398,0.0,54630.444284928,109260.88856985598,0,0,0.0
474,None,None,None,0.0,0.0,0.0,0.0,0,0,0.0
475,Slight,Moderate,None,279222.27078963193,18210.148094975997,261012.12269465593,0.0,5,10,0.0
476,Slight,Moderate,Slight,388483.15935948794,18210.148094975997,261012.12269465593,109260.88856985598,5,10,0.0
477,Moderate,Slight,None,139611.135394816,84980.69110988798,54630.444284928,0.0,30,120,60.0
478,Slight,Moderate,None,279222.27078963193,18210.148094975997,261012.12269465593,0.0,5,10,0.0
479,None,None,None,0.0,0.0,0.0,0.0,0,0,0.0
480,None,None,None,0.0,0.0,0.0,0.0,0,0,0.0
481,Moderate,None,Slight,194241.57967974397,84980.69110988798,0.0,109260.88856985598,30,120,60.0
482,Slight,Slight,None,72840.592379904,18210.148094975997,54630.444284928,0.0,5,10,0.0
483,None,Slight,None,54630.444284928,0.0,54630.444284928,0.0,0,0,0.0
484,Moderate,Moderate,Moderate,910507.4047487999,84980.69110988798,261012.12269465593,564514.5909442559,30,120,60.0
485,Moderate,Slight,Slight,248872.02396467197,84980.69110988798,54630.444284928,109260.88856985598,30,120,60.0
486,Slight,None,None,18210.148094975997,18210.148094975997,0.0,0.0,5,10,0.0
487,Extensive,Moderate,Moderate,1244360.11982336,418833.406184448,261012.12269465593,564514.5909442559,120,480,480.0
488,Slight,Slight,None,72840.592379904,18210.148094975997,54630.444284928,0.0,5,10,0.0
489,Moderate,Moderate,Moderate,910507.4047487999,84980.69110988798,261012.12269465593,564514.5909442559,30,120,60.0
490,Slight,None,None,18210.148094975997,18210.148094975997,0.0,0.0,5,10,0.0
491,Slight,None,None,18210.148094975997,18210.148094975997,0.0,0.0,5,10,0.0
492,None,None,None,0.0,0.0,0.0,0.0,0,0,0.0
493,Moderate,Moderate,None,345992.8138045439,84980.69110988798,261012.12269465593,0.0,30,120,60.0
494,Slight,Slight,None,72840.592379904,18210.148094975997,54630.444284928,0.0,5,10,0.0
495,None,None,None,0.0,0.0,0.0,0.0,0,0,0.0
496,Slight,Slight,None,72840.592379904,18210.148094975997,54630.444284928,0.0,5,10,0.0
497,Slight,Slight,Slight,182101.48094975998,18210.148094975997,54630.444284928,109260.88856985598,5,10,0.0
498,Slight,None,None,18210.148094975997,18210.148094975997,0.0,0.0,5,10,0.0
499,Slight,Slight,None,72840.592379904,18210.148094975997,54630.444284928,0.0,5,10,0.0
