,IM,MaxDrift,MaxAbsAccel,ResDrift
0,0.6253384351730347,0.03589454460956125,2.942678487144578,0.008251128119828534
1,0.17262345552444458,0.00746683559762246,0.7842753449793647,3.5909198347080417e-05
2,0.15804815292358398,0.004291798689854956,1.222548620870911,3.5298282184858217e-05
3,0.40342724323272705,0.02138608820745556,1.831542652565743,0.004101380146203003
4,0.14249247312545776,0.006823981090337633,2.3263917431132897,0.000746390334925476
5,0.22703656554222107,,,
6,0.38798967003822327,0.023324384916447498,2.0419394156112904,0.0020458103949782314
7,0.2927228808403015,0.015205914789430479,3.127102306010908,0.008224081000930005
8,0.1977134793996811,0.007927416614469088,2.0546957013923746,0.00017411369971553114
9,0.09558811783790588,0.005452056862793057,1.322010880356236,8.625947649910472e-05
10,0.5682985782623291,0.015429773436915257,4.183414960232871,0.0032050349171180046
11,0.6057969331741333,0.028869416944027324,5.482296504888987,0.0031714615714162355
12,0.5098225474357605,0.048512809429091294,2.923230704783398,0.01648893054939703
13,0.12183765321969986,0.006219335532274783,1.5182339081671175,0.0011246179906866252
14,0.4682815968990326,0.04578492010569449,3.157303530863337,0.011085253610389856
15,0.4989728033542633,0.023204158061015126,3.142220701602064,0.006461753090759972
16,0.08957195281982422,0.007554952597668265,1.6735333256513718,0.00044573259493311894
17,0.14987723529338837,0.003944986391358882,0.9740389876391785,0.0007610809734439197
18,0.956287682056427,0.2569395338451034,5.172011608148768,0.028774142925360256
19,0.3356758654117584,0.0057022295529226535,1.639800378151635,0.002265603519072524
20,0.24473197758197784,,,
21,0.717867374420166,0.026296798549238786,5.403065627863469,0.0017764796042470884
22,0.07767634093761444,0.003946290976817264,0.9577812622124406,1.4313156176619888e-05
23,0.14861905574798584,0.0062434638665250135,1.0787539004262525,3.0629583381595903e-06
24,0.14021755754947662,0.004929029047553379,1.2291811190300914,7.509036670434789e-05
25,0.3689844012260437,0.010052101882757203,2.440224802084186,0.0015830452823724906
26,0.3901979923248291,0.020867601701371658,3.566311333769418,0.00809795125076621
27,0.4924358129501343,0.01688761931475865,2.6239317601499104,0.0013436356338453767
28,0.3040693700313568,0.01977681330077513,2.173189256461986,0.0055990539554658285
29,0.28460726141929626,0.010060562512809306,1.9965900457333863,0.0010202550257866025
30,0.20842543244361877,,,
31,0.15691214799880981,0.003658296336071947,1.2929344294950211,0.00014595761252960652
32,0.4792911410331726,0.02937001431785505,2.108029509945731,0.002925352848624401
33,0.17456017434597015,0.005833808154892506,1.2665979374757226,6.737159650203733e-05
34,0.1959933340549469,0.008455582278471221,2.171289684507186,0.0006043912430628893
35,0.20962321758270264,,,
36,0.36241286993026733,0.03920086530477535,2.5935918691862057,0.012134026810766514
37,0.3549979627132416,0.01462453416019399,2.28624889266665,0.003290417057345719
38,0.25877732038497925,0.013156504716648402,1.7117161953661681,0.00023499524695126434
39,0.33175283670425415,0.020818035275469285,3.313609552433936,0.0023225241920221957
40,0.04928504675626755,0.0024569441980336216,0.5944821637189956,4.611537548515756e-06
41,0.34791767597198486,0.013411836545210961,2.939372538707672,0.00233855705827671
42,0.09251809865236282,0.00421002839501779,1.3379791744070133,3.206830653376459e-05
43,0.08108778297901154,0.004237902019422434,1.1904831861301637,6.43181704674994e-06
44,0.12327203154563904,0.004729953302942775,1.0479506397714629,2.660529284410868e-05
45,0.1316121518611908,0.0034007273081600553,1.9519574197750258,6.857117704747689e-05
46,0.26350677013397217,0.010974260740446837,2.2556496357273765,0.00023937751227122369
47,0.5344967246055603,0.03254135853270181,2.217601421617382,0.005097945720265924
48,0.2987123131752014,0.01792159371902484,2.3345447815361533,0.005461098873522175
49,0.8146075010299683,0.038296447112039694,5.665728605483791,0.003965982331827965
50,0.31305769085884094,0.02777319215246294,2.1387931270512452,0.002129919064282268
51,0.3608364164829254,0.03073158536337752,2.7328979099065704,0.0018929732786313264
52,0.1967947781085968,0.009623872213982337,2.039714216196381,0.00030243609044304585
53,0.34763845801353455,0.012196006534235127,2.239750261983008,0.001714115686758206
54,0.3990175426006317,0.038315301022683365,3.7213771877526653,0.0062152345666059185
55,0.21913643181324005,,,
56,0.14809727668762207,0.004587325134731434,1.191280520378751,2.0453501988040205e-05
57,0.352740615606308,0.015886480842962725,2.5081133699540734,0.007292160902962195
58,0.0788363665342331,0.0037122684157830954,0.8122761290025368,1.7863547615553948e-05
59,0.3087904155254364,0.00805753913963023,1.731193854830511,0.000711452996479318
60,0.22002799808979034,,,
61,0.17354720830917358,0.008180871443444723,2.971330180824354,0.000364951126828336
62,0.08398706465959549,0.0022704207283743296,1.263408917663062,1.0728449827603981e-05
63,0.19800283014774323,0.00327187391091186,1.034013520319963,2.1552360190210696e-05
64,0.46807292103767395,0.01526644388175473,1.7122251039732324,0.0025339273677730794
65,0.22940081357955933,,,
66,0.10431624948978424,0.0045448757319108465,1.5340393728482289,0.00017233235261589355
67,0.6254178285598755,0.03394121148768637,5.590966217456626,0.003110142964691988
68,0.6642621159553528,0.03537159403856326,3.765791539060082,0.004013716359339633
69,0.2727739214897156,0.017854163028362853,2.631747186556862,0.008096735199385207
70,0.12536491453647614,0.004065141968441354,1.0984140800709707,5.965934249558888e-05
71,0.18897096812725067,0.011280752583231647,2.127229064209897,0.002297845343304339
72,0.31507185101509094,0.01958344500065551,2.34020781256858,0.0028157072835100737
73,0.1669664829969406,0.00259496239133926,0.8749711481533592,6.5800554091196055e-06
74,0.26037681102752686,0.020492972475175782,2.87779712510978,0.0029144905314735727
75,0.23207955062389374,,,
76,0.22179892659187317,,,
77,0.22324346005916595,,,
78,0.1654360592365265,0.006992635497815584,1.8401143098821577,0.0018133087282670964
79,0.10523014515638351,0.0038414105518637105,1.0005616348213355,1.4908286496434565e-05
80,0.07185666263103485,0.0025500310805818016,0.8164757601711243,1.5781835807116263e-05
81,0.12455670535564423,0.0038597663912067186,1.2900699277384664,1.234983843861509e-05
82,0.04997025430202484,0.0033855268348730633,0.7112665604549733,6.6761643522923475e-06
83,0.27907446026802063,0.011759245752460972,2.010414672871363,0.0005610203834411469
84,0.2201373130083084,,,
85,0.29516929388046265,0.01597787370477614,1.4882083891318687,0.000306171009144125
86,0.21626009047031403,,,
87,0.35904446244239807,0.01816389918357207,2.3652469416351445,0.0038982820321746287
88,0.12584291398525238,0.002207952894022356,0.9625592077655672,1.306826816920458e-05
89,0.15275366604328156,0.0033699991593584876,1.1371182878919588,0.0001530633534043046
90,0.09693355113267899,0.005465568874613449,1.144276436638452,0.00011275369132376598
91,0.25682246685028076,0.012166831048665144,2.694374802035384,0.001045549302803631
92,0.1212044283747673,0.008975213297079771,1.0949224241070372,5.4143972341807134e-05
93,0.2869180142879486,0.020376803316840535,2.7183822209868316,0.005434797843634549
94,0.15221837162971497,0.005080541604573788,1.0136397319929686,2.0742243331008526e-05
95,0.05215811729431152,0.002619586212483476,0.8693134107607005,1.8763384450307997e-05
96,0.6365181803703308,0.019260510753239805,5.467028367879703,0.002943083211558754
97,0.11557041853666306,0.004424112553983395,1.4221042021422787,0.00010226696749268182
98,0.1588430255651474,0.008116938611168153,1.4402569611372673,0.00011485819966327794
99,0.17839336395263672,0.008138237845812238,2.0224243973793468,0.0010126366702543292
100,0.19245915114879608,0.007416500066149785,2.520769472751504,5.08003652246969e-05
101,0.18946446478366852,0.0038996648111392146,1.6945058203385912,0.00027721414599680847
102,0.07846572250127792,0.0015691690639371364,0.7977442641872419,1.3951791991803441e-06
103,0.29142120480537415,0.012107123273712706,4.08470324422017,0.004459566444202078
104,0.1026272177696228,0.004630235231239423,1.187696333694096,2.207047033067211e-05
105,1.4590991735458374,0.09940183248750455,10.568994932270416,0.0056034638824308475
106,0.0724923312664032,0.0017889284044871267,0.7140205196039692,1.956827215537659e-06
107,0.09222264587879181,0.0045504612237371785,0.7271469576897583,3.3916298383838612e-06
108,0.09963611513376236,0.0036047687654662706,0.850116872204959,3.866946693736447e-05
109,1.3397268056869507,0.0816838686947061,14.15116562665883,0.0030911752390614276
110,0.15643417835235596,0.00562793081582565,1.2462557607512477,0.00013085103204154606
111,0.6367090344429016,0.036180260761629716,4.3433765538357365,0.004737805048107529
112,0.20517903566360474,0.018496209774066456,2.4178500740438205,0.005566776785126827
113,0.3162432909011841,0.013042047273561914,2.224258398315442,0.0008359024511218624
114,0.25965094566345215,0.011049461940140233,3.0246634339346774,0.002582543876247119
115,0.39160656929016113,0.014412924180806854,2.366781165235228,0.0027525029148614535
116,0.1200854629278183,0.007101577758804608,1.0816569680844006,4.887697078658251e-06
117,0.18473337590694427,0.007414171650849392,1.6588304985652578,0.0022759730068274706
118,0.2348480373620987,,,
119,0.15397436916828156,0.003400753105362332,0.9841766502922019,0.0030945643788499546
120,0.18587756156921387,0.007374588413639888,1.619344484055289,7.147660281214472e-05
121,0.2732407748699188,0.006707081372415802,1.7364999828973908,0.00037665675527979265
122,0.3655548095703125,0.01272497376045731,2.499041798391289,0.0012673139644452096
123,0.3961368203163147,0.01324421925606193,2.676333271855502,0.0026958445697790726
124,0.19724585115909576,0.012181407730261284,2.2885380254593177,0.0016282040066807767
125,0.20992352068424225,,,
126,0.19422569870948792,0.009097242957060662,2.212416417124475,0.0006732748416957893
127,0.29697293043136597,0.011287870809840995,2.0116964092429064,0.0008902157198910915
128,0.14539656043052673,0.005312022474383622,1.2686689789663597,0.00040098932114205856
129,0.21638800203800201,,,
130,0.18307901918888092,0.011086631395720088,1.9141330104924996,2.23508813430632e-05
131,0.6616050601005554,0.026280068297439778,1.902349711146964,0.007501833646462561
132,0.5428887009620667,0.017121089634518135,3.3712659864221357,0.004981017975796702
133,0.29992225766181946,0.014534495519735938,2.819680292148786,0.005961488392986663
134,0.18639038503170013,0.00571408557713435,1.8222403227516235,8.66425833711193e-05
135,0.4882032573223114,0.028984488886840885,2.6280110385200635,0.007586027762884074
136,0.16173124313354492,0.005558589465273751,1.7512040994331604,1.7261799173897628e-05
137,0.2938288748264313,0.021869188938565178,2.1340338475808314,0.009024760785099459
138,0.4857589900493622,0.022301993653568334,3.3606981872659256,0.005067863556103618
139,0.23077893257141113,,,
140,0.05728693678975105,0.0020443436630816505,0.8221568266850546,2.66956000668583e-06
141,0.20459212362766266,0.0039040251580371357,1.7305290605930643,2.6637934081265108e-05
142,0.08367342501878738,0.0059806147110697165,1.0306356583270435,1.7096386853498793e-05
143,0.11766324192285538,0.008692376529174962,1.2452288142931582,0.00027302933502873066
144,0.17069266736507416,0.008054020824333655,1.2723541553983626,0.00012361553841187174
145,0.25722187757492065,0.006270710964914879,2.3341454685245755,0.00043334264876629115
146,0.15894901752471924,0.0053738446633253,1.9649575343226249,2.5127199157681945e-05
147,0.22862325608730316,,,
148,0.14228083193302155,0.005739416887032045,1.2866208044075478,0.00025997736703732577
149,0.36761340498924255,0.013438721039232715,2.4604592688248874,0.002668900534790959
150,0.19133836030960083,0.005208279799388001,1.664704605092982,1.5278259534495598e-05
151,0.2837592363357544,0.017155261887526405,2.736474516471974,0.0009365356921609776
152,0.07049829512834549,0.0024967480474347163,0.8945420294087484,4.272228606873308e-06
153,0.09217457473278046,0.002431158792975079,0.7704804686723115,9.413838209163282e-06
154,0.41957637667655945,0.022322960909066842,2.461092729749261,0.0026802728651581093
155,0.17382052540779114,0.012024863324589175,2.2600988820267607,6.314916626761338e-06
156,0.08364187180995941,0.004016362221800629,1.6934088764825814,0.00012214140333726532
157,0.2102905958890915,,,
158,0.22117716073989868,,,
159,0.2684898376464844,0.009233983924766341,1.609262918732188,0.0003214282474370066
160,0.4306032359600067,0.010026861071788837,1.7398765435661798,0.0016968440217153492
161,0.49629902839660645,0.02066206563355836,3.722598432447421,0.004293800776537404
162,0.2483629584312439,,,
163,0.36198461055755615,0.011286249115113393,1.2001751049054115,0.0005775992086980438
164,0.4102019965648651,0.03887495265513143,2.0873156957476215,0.005756245751644221
165,0.6546268463134766,0.0358255711348122,2.841147631747154,0.004721583026877972
166,0.3152432143688202,0.012287382184916769,3.0726200196527254,0.0011833867085979546
167,0.17916101217269897,0.009197390342685434,1.7830848660196785,6.245183606615384e-05
168,0.39808768033981323,0.013587670935708463,1.9580041520305538,0.0023883564148774825
169,0.4670559763908386,0.026807165986842678,2.6680356023783545,0.004985723102184004
170,0.11333005875349045,0.0023307972031276387,1.1510388502786477,1.0992385888165442e-05
171,0.27878057956695557,0.008825357756630806,1.7566396137790654,0.0007317913901148456
172,0.21008460223674774,,,
173,0.2034342885017395,0.007445765063506964,2.1506348080967963,0.0004676864323825204
174,0.7511268258094788,0.08075417458057652,3.8840105378438996,0.017767923402542244
175,0.36752042174339294,0.01281500415797831,2.259317790618176,0.0026499876027089257
176,0.23791983723640442,,,
177,0.16079559922218323,0.0052992353437123765,0.8845623036043668,0.0005310691919409493
178,0.6581714749336243,0.02672139604210009,5.2905703298059175,0.003212271871691099
179,0.5194280743598938,0.023178780146444734,2.2331683608608346,0.0037887135433265448
180,0.30335086584091187,0.012444926712980827,1.7717631350115408,0.00015482365784177712
181,0.2484336793422699,,,
182,0.25831636786460876,0.015588082930801855,1.4877807649012786,0.0008571516589393647
183,0.1046765074133873,0.007024241272620402,1.5392405991726275,0.00030430942090048905
184,0.07501601427793503,0.005244906956584316,0.7030656046833902,1.9042556711002054e-05
185,0.13613861799240112,0.00369537847765684,1.2121087633469096,3.1737560994155316e-05
186,0.3088299036026001,0.015778018906436545,2.2746047948565673,0.005534231283857466
187,0.3317711055278778,0.026113044595641868,3.9886467443195,0.006056133084432988
188,0.33602842688560486,0.016788785210227395,3.401880623119601,0.004788739696743558
189,0.211385115981102,,,
190,0.18283317983150482,0.011115337691727775,1.9109150543806583,0.0003506693745005035
191,0.1403014063835144,0.0034664909107250306,1.2572194277724849,4.9078722398572785e-05
192,0.27838248014450073,0.016153456067337063,3.208979803518468,0.003339732474215828
193,0.2313709259033203,,,
194,0.2812545895576477,0.009416329028243822,2.737303695512911,0.0015739271158368058
195,0.17034316062927246,0.008733688232007562,1.5555739134926503,0.0013650569371354857
196,0.1458236575126648,0.005586842392150783,1.7143924246474471,0.0002124152690085001
197,0.31665974855422974,0.00811909645713649,2.534056329573524,0.001956596293414972
198,0.2395218014717102,,,
199,0.3237018585205078,0.012884939247098937,2.7210548345700127,0.0032263542356382783
200,0.5888487696647644,0.01861832837277928,2.8764555988643457,0.0033506069428161883
201,0.05383368581533432,0.002848437432644159,0.9473259976186785,7.048456419693761e-05
202,0.1453407108783722,0.0036135554065851905,1.4401840978098321,0.008683685523730066
203,0.25001630187034607,0.015567777974783144,1.7115971220596662,0.0002479840229833015
204,0.9383328557014465,0.05106043165389469,6.852432600671166,0.005055945913509106
205,0.21053463220596313,,,
206,0.1031760647892952,0.004228206803010528,1.1386474270664395,1.88610214346074e-05
207,0.06833148002624512,0.004504155874756706,1.1006653871070626,3.6724321180645274e-05
208,0.34024500846862793,0.005666581133651924,2.284933691843109,0.0004971520430171347
209,0.4671633243560791,0.010598734737336406,1.9435209821662403,0.0018726533764635593
210,0.11557969450950623,0.0018246611847273764,0.8139355350336255,1.788037557126382e-06
211,0.4106118679046631,0.010439359112294848,3.407837363091777,0.002303111146437738
212,0.24155111610889435,,,
213,0.1350267231464386,0.00603492741061597,1.1250814934686195,2.0162332984644057e-05
214,0.47213295102119446,0.02635244394743088,2.4643773881570845,0.004658680527970814
215,0.32861727476119995,0.015453499093634901,2.463085179940746,0.007398403128966072
216,0.1662539839744568,0.006586232023824451,2.4894108958011976,5.30397350955131e-05
217,0.09728686511516571,0.0025951953460512504,0.8094882538663403,1.2663168865282607e-06
218,0.165337473154068,0.0037598118579395563,1.6384876394440078,3.1893609544974595e-05
219,0.2493632286787033,,,
220,0.09853874891996384,0.008684627366402568,1.597266396051714,0.0005030784859532167
221,0.3812786936759949,0.015393152852903344,3.3051672318684275,0.004322486106611146
222,0.221758633852005,,,
223,0.07241382449865341,0.00506112044006761,1.0342766912078059,5.1768309921386355e-05
224,0.09057703614234924,0.004028372447595977,0.9939693721148362,1.5162571287455105e-05
225,0.06589725613594055,0.0021805799597600676,0.6885012854660557,4.8643640892550815e-06
226,0.8104271292686462,0.034811526173848494,5.160051773092525,0.004709008243041896
227,0.18194399774074554,0.005496376446368305,0.9706548246750841,0.00013048479260935518
228,0.5781437158584595,0.03863262339077708,3.587751886118214,0.00798325345238329
229,0.2232172042131424,,,
230,0.20967289805412292,,,
231,0.12037410587072372,0.002921657834847402,0.7922089395647759,2.9786581641047185e-06
232,0.15136726200580597,0.004432751178061913,1.3067617517993626,0.00011925405961597854
233,0.15162600576877594,0.0034132901040720906,0.7888569413883312,0.0002219780975787647
234,0.13910223543643951,0.00402834392302205,1.603401883397224,0.0007946828767788242
235,0.43872082233428955,0.015704179240059905,2.1779814355044365,0.003675724287616117
236,0.20217078924179077,0.010418874681204409,1.8544147423912738,0.0006702436279828197
237,0.2538277804851532,0.018453739772723046,3.0487908072358234,0.0014921307455830514
238,0.4699869453907013,0.027516796837121497,2.873573194652216,0.0039283741858534855
239,0.30953681468963623,0.01128716941174847,2.0707500224399094,0.0014405160210317924
240,0.2702176570892334,0.015347741194018476,2.7477406828462696,0.005895975063213108
241,0.37898361682891846,0.01595416189597788,1.7168525471338645,0.003942911648904899
242,0.23817433416843414,,,
243,0.10308124125003815,0.0070190695791368975,1.1634211600453899,4.640612901155218e-05
244,0.42519766092300415,0.03271320110029617,1.2352243516788894,0.004944165644792959
245,0.16893935203552246,0.005138702228563533,1.086248204553421,8.679626361294504e-05
246,0.19474364817142487,0.011600564813323076,2.454134768974332,0.0005660847031586565
247,0.12892407178878784,0.00724221798934828,1.8093829760706865,0.00022222884703343616
248,0.28031274676322937,0.013610782979363542,1.7958385934588013,0.00042482642167557537
249,0.4280032813549042,0.008509993771133161,2.757819545052741,0.002050136373530767
250,0.062297381460666656,0.003404384538833682,0.5171609656128394,1.0993695241145216e-06
251,0.19653555750846863,0.012727335885764973,2.2875987884959366,0.00010038779137653792
252,0.1199011579155922,0.004919613201163099,1.3109479447699446,2.8262158755088294e-05
253,0.2530064284801483,0.012878644165864633,2.066986705720917,0.0006340021219781322
254,0.08005225658416748,0.002715206410128791,0.9628760439015863,7.448353744413919e-06
255,0.3116777241230011,0.007691600152169138,2.2872180781282507,0.0008997444235355928
256,0.09630089998245239,0.01218533007982621,1.7759939215007243,0.00026409186352600026
257,0.3602665364742279,0.023604666182899768,2.623684117499953,0.005530207766412396
258,0.21805012226104736,,,
259,0.7496659159660339,0.02315773719302452,4.458875731531195,0.003848215561004837
260,0.2965228259563446,0.0075891353997228515,1.5570209491678089,0.00041200010016275216
261,0.10764548182487488,0.009013124695680365,2.1355570658970686,0.0014949248129081018
262,0.4565795958042145,0.02435734112573343,1.8329086359589108,0.0034001077166433947
263,0.6952066421508789,0.04299016853449009,7.398093313461145,0.005681608084546238
264,0.3597557842731476,0.01081508019574803,2.850072397401685,0.0012173106468069865
265,0.16084930300712585,0.004919459244280153,0.6812148838868424,1.9021483901564779e-06
266,0.10191608220338821,0.002631511958212516,1.0456228438632353,2.0143170006665148e-05
267,0.11099366098642349,0.0033315284203073573,0.8822802190125992,2.353353330688481e-05
268,0.07106161117553711,0.0026000360089003696,0.809948241664239,3.81515907443382e-06
269,0.12553191184997559,0.0061791687870847494,1.880284991126664,0.0003528372357554197
270,0.018885672092437744,0.001323692044871646,0.765232336160255,1.8145021489783683e-06
271,0.407835990190506,0.03321944498940218,1.3724141300538324,0.003664972990925641
272,0.06197577342391014,0.00369071078649592,0.9844873209099558,1.0326314175119559e-05
273,0.3750545084476471,0.02795900234324274,2.9013243101497554,0.007768145969744066
274,0.15414004027843475,0.006574027343002163,2.3144497885107183,0.0004335263465453166
275,0.24282442033290863,,,
276,0.289948046207428,0.0067707279183479956,2.158641624485504,0.00030599398213516075
277,0.16067470610141754,0.009887286445228,1.7039183572324534,2.372525493436595e-05
278,0.3628532588481903,0.016711008539356118,1.723414710221153,0.0007694010517384418
279,0.23141679167747498,,,
280,0.09666389226913452,0.0036797110452105024,1.298992421806236,0.000645765666166179
281,0.10856018960475922,0.003821957438808042,1.4013934029760404,3.4856572735222705e-05
282,0.2605673372745514,0.039309228852389515,3.093719352047559,0.008322541935199951
283,0.26072657108306885,0.01779974951261471,1.9381652430857743,0.000751538266400419
284,0.3895058035850525,0.016245520065054225,2.3521947711291507,0.002633480644063867
285,0.31836768984794617,0.023909951812399074,2.305735617862949,0.0037393619983868134
286,0.2904427945613861,0.0118278112132976,2.1881700203843257,0.0004054513613062584
287,0.39703571796417236,0.026888055298895763,3.00541095238548,0.00507610051830402
288,0.12550796568393707,0.0036376006294265434,0.8452573368455117,4.807547186183383e-06
289,0.266124963760376,0.011158956129199937,2.976026492158842,0.0021326867971859895
290,0.3385489284992218,0.018759667104023593,2.985199493127339,0.0021294818217806205
291,0.16020190715789795,0.004602760868854645,1.610392781316579,0.00032180796541379043
292,0.15401649475097656,0.007777944488262423,1.346135655867039,5.483296932616856e-05
293,0.34495723247528076,0.02300180202682706,2.6388438413917314,0.0009039783178196012
294,0.2364744395017624,,,
295,0.047478076070547104,0.003153396454242135,1.186104594899308,2.2049272473293455e-05
296,0.13596124947071075,0.006803786793895753,1.1393504720009535,0.00010333808372926426
297,0.3386699855327606,0.013819537337509192,1.8064888942461723,0.0015691761002187496
298,0.24339771270751953,,,
299,0.0878821462392807,0.0029727041653109464,0.7048733985738713,5.768098114045503e-06
300,0.2684115767478943,0.011329114681532478,2.1107573168441527,0.0001673062770690548
301,0.14997901022434235,0.0053027779638975415,1.5855556511768774,2.123555789854315e-06
302,0.2266722470521927,,,
303,0.12728102505207062,0.007904162429144539,1.6366368320873108,0.0003067439339387595
304,0.13893350958824158,0.0060178204222057444,1.1635335576732484,3.2827496453771324e-05
305,0.2242489606142044,,,
306,0.17753475904464722,0.0033544550234622167,1.3087152203132588,5.025470400500456e-05
307,0.2887372076511383,0.030802704316555844,3.206515748481876,0.00853644267646177
308,0.1367277204990387,0.005153391381447429,1.4024980976933845,8.100018250409955e-05
309,0.22565191984176636,,,
310,0.16090847551822662,0.0060258321459475735,1.4190854058776827,0.0006910731231772783
311,0.223649263381958,,,
312,0.109013631939888,0.0029577353553793145,1.3527726515115606,3.0552514529383836e-05
313,0.4462016522884369,0.022939371237085456,1.926994763388296,0.00472929693155865
314,0.4468643367290497,0.014282492727493618,2.644843294547875,0.0029845383799070907
315,0.20790265500545502,0.01137811450810184,2.7578502456988647,0.001566712650641295
316,0.1192835122346878,0.007485206643183448,1.5333828507062235,7.848224230916737e-05
317,0.6019758582115173,0.038640489962123936,3.4279219922754494,0.009536850705644888
318,0.23011033236980438,,,
319,0.17389366030693054,0.006685306683827369,1.9364166879237847,4.934745587189583e-05
320,0.4052625596523285,0.02416840542186299,3.7731516347517,0.0038965572963904674
321,0.21405984461307526,,,
322,0.14534270763397217,0.0037428366840074785,1.1627259693202927,1.6702174467218237e-05
323,0.26652178168296814,0.010582885779260424,2.176720310234152,0.0013391305916448228
324,0.1294756829738617,0.004724259516087261,1.961109484881204,2.591526079340807e-05
325,0.38431400060653687,0.0190355888475734,2.040148954810021,0.0034068726987978274
326,0.3832900822162628,0.02107098588382383,3.240227581377736,0.005459637903175543
327,0.1530049741268158,0.003244158559377751,1.1878210619909337,4.227662171571073e-05
328,0.6326788067817688,0.024400311535398234,4.098000200150936,0.0028356910077089923
329,0.10860680788755417,0.003740646550984971,1.1472704668870606,2.9513304373228854e-05
330,0.16935624182224274,0.009089732334731315,2.828868507439782,0.0008490206869800441
331,0.45939961075782776,0.020998813598173006,3.8371702115769803,0.003854792556982407
332,0.2674032747745514,0.013374377480529078,2.386069284339527,0.0007185773919960958
333,0.15840625762939453,0.004709249712979097,1.0774929435840832,1.9773620690861913e-05
334,0.19451287388801575,0.007973706200634296,2.1546237072056718,0.00034998038202555996
335,0.13936324417591095,0.005588747538853298,1.3840466091921835,7.912179944738736e-05
336,0.1969316452741623,0.007528457181556339,1.6487615306336623,0.00023617207338446
337,0.3797227442264557,0.022852435577839704,2.8834923450854344,0.003935982953178528
338,0.10043394565582275,0.003587486079834814,0.8940865040604973,7.639197407441574e-06
339,0.15241459012031555,0.003819103008047178,1.478128711605921,2.554130136838863e-05
340,0.07636420428752899,0.0036672499204359354,0.9735931068686086,2.875207461642201e-05
341,0.15634819865226746,0.00479433523221897,1.9258692450770953,8.080563062665068e-05
342,0.2504192292690277,0.013751722532714936,2.8829562912955677,0.001196354198522952
343,0.4656440019607544,0.02881485458074987,1.8666722967664855,0.003958615226171198
344,0.14895325899124146,0.003929988764251086,1.1172893942705244,6.483747832190313e-05
345,0.0524233877658844,0.0018129073846063226,0.6200894841972651,1.7782527759160594e-06
346,0.6491827964782715,0.048470913210909454,5.408091561680429,0.005757469676841341
347,0.09964391589164734,0.0060881468252550865,1.2696215682860845,0.0003431113668626719
348,0.19929523766040802,0.007468578348697804,1.7512702595986918,0.0008260568472563461
349,0.28630971908569336,0.011501453300083229,2.4026238671391713,0.0009811952908233689
350,0.10458988696336746,0.006170498769064833,1.436708502667785,0.0003692075948420491
351,0.2393759787082672,,,
352,0.32720816135406494,0.014999104392229439,2.41842952278511,0.0010150489838886487
353,0.0842624381184578,0.005329869597891135,1.0005485385254427,3.883913121865228e-05
354,0.1370423287153244,0.005049313353401694,1.2078570695790811,4.31788620404214e-05
355,0.28518277406692505,0.010815219647506319,1.612723923036693,0.00033924128149144723
356,0.06118384376168251,0.003223263058085394,0.8474135724563604,2.736181427828512e-05
357,0.24962377548217773,,,
358,0.19087836146354675,0.010310104890332723,1.74379331502491,0.0003277957395648442
359,0.38733139634132385,0.016556503351851,2.3159458064735157,0.003854559544195953
360,0.15259070694446564,0.007728238338025712,1.1856162815866185,0.00014313012984896745
361,0.3003954291343689,0.010560576408394135,2.4481119520565016,0.0009956742649833764
362,0.194196879863739,0.009003543182993769,2.323354156317597,0.0006754495662004859
363,0.11476690322160721,0.00258153982343756,1.1084817487297214,6.199041358137639e-06
364,0.12310662120580673,0.004280397203605394,1.260729781193046,8.695703833462243e-06
365,0.2963549494743347,0.010131064711290834,2.2670374088026106,0.000767117481795006
366,0.5832666754722595,0.010554527404535953,3.7361258772111388,0.0024189648418782217
367,0.19601508975028992,0.007047962076240081,2.1452621971179426,0.0003574380394721949
368,0.4741903245449066,0.02246983804573609,2.9182004717795094,0.0028992300621547133
369,0.16071970760822296,0.007449888483119967,1.7330478117808674,4.581492216853964e-05
370,0.12952542304992676,0.005122402782849028,1.296781584825894,0.00012398537280254273
371,0.6948781609535217,0.10097754212349123,4.312362805099258,0.011201002339944238
372,0.1502286046743393,0.00784794139837287,1.6215018836115944,7.000620647225076e-06
373,0.22319954633712769,,,
374,0.4399182200431824,0.013045059049137725,2.251213341467333,0.002969360631704762
375,0.30860140919685364,0.0047772489665832245,2.4162742238254387,0.00039647901616722753
376,0.2470572292804718,,,
377,0.2784188389778137,0.01861217441464239,2.9760720938043366,0.009013354012932169
378,0.22870416939258575,,,
379,0.3343806266784668,0.016896491490949107,4.241202190305243,0.017137054220300953
380,0.35415399074554443,0.010641174951732202,1.9055907245059953,0.0015790910607832928
381,0.15767882764339447,0.007537562261667584,1.383954417756494,0.00019984280892380206
382,0.3906181752681732,0.022555290100180536,2.222332582593227,0.0024036342634981157
383,0.11646026372909546,0.0036083014434655277,1.1339652649016079,2.172310972026215e-05
384,0.31749147176742554,0.011137109787451667,2.4040790771101497,0.0006795917253421771
385,0.29910385608673096,0.019950343123649864,2.1606475165430457,0.003415709288023557
386,0.629081666469574,0.0720539002670215,3.1696599238002157,0.0070884063724920045
387,0.22093608975410461,,,
388,0.30933550000190735,0.01572738868730668,2.3675215770112583,0.0011581662410516716
389,0.8228357434272766,0.06486228582835417,2.6228591452606747,0.027815423037575226
390,0.14404645562171936,0.0032303762228408873,1.0351096948322986,1.7594923561029942e-06
391,0.20351646840572357,0.006906612610147894,2.042639605673949,0.00018803435083196364
392,0.1601872593164444,0.005130320477341331,1.7910869094842115,0.0004464116062149131
393,0.15991349518299103,0.006175832636925364,1.9414958118525416,0.00032396000172523165
394,0.091288723051548,0.002494011854298686,0.6508247911402408,6.8362981722835255e-06
395,0.17183250188827515,0.008910017257663497,1.7465788736127206,0.0003508693275995234
396,0.4630752503871918,0.027912629857185487,2.4781434525039847,0.003829830143713023
397,0.6985073685646057,0.0309682597845779,3.2868164680323333,0.005758294693317044
398,0.15382522344589233,0.00751363007112568,1.2596850810733202,7.515016018853926e-06
399,0.14959990978240967,0.006653342049605393,1.980269855742264,8.554765667325736e-05
400,0.2836289703845978,0.007905597662184792,1.805046202897244,0.0002994039427582088
401,0.27837976813316345,0.006276437850636474,1.952479239866635,0.00012349306738963239
402,0.45330044627189636,0.029756248109907516,3.6307171522843182,0.00679628172328138
403,0.4595988094806671,0.021271430492971588,3.2739110862507883,0.006510047532544161
404,0.15955545008182526,0.004175646083206015,1.547122800459626,3.836711602566221e-05
405,0.06317097693681717,0.003996662911003827,0.7889189071909186,6.3102769874715754e-06
406,0.11683081090450287,0.002297629088066131,0.700010098707972,7.13192786745504e-06
407,0.3405057191848755,0.023358075608222794,3.5519096211362426,0.004479871101000607
408,0.1789584904909134,0.005379666251873359,1.6951386211339987,0.0003046680722844022
409,0.21674352884292603,,,
410,0.30317580699920654,0.0049435445618677305,1.9647488909382018,0.00035014316859813277
411,0.06573881953954697,0.0032422750841257482,0.8024065416442197,1.6623565742895402e-05
412,0.18263734877109528,0.004976744698968209,1.3560999597117385,0.0007504749426917031
413,0.1762598603963852,0.00810583854191654,2.214108300637572,3.327713257446303e-05
414,0.15438708662986755,0.003670074790704677,1.0322557756124904,2.7855509696092644e-05
415,0.14020387828350067,0.005879404405485288,1.8071077854784696,0.00023266809305795043
416,0.26615360379219055,0.01630394590082441,2.913515889306598,0.0013855808576609266
417,1.1444264650344849,0.13078688153426252,9.879602853795632,0.007058292705013132
418,0.1840742975473404,0.006003894836902762,1.578963446122685,6.176541478002e-05
419,0.336670845746994,0.014348773632518708,3.5841153811996453,0.004927298259763301
420,0.35684454441070557,0.037512416483528786,4.380635053473766,0.005375354344210212
421,0.2612985670566559,0.009563798023250464,2.160975564238375,0.0005869712617355472
422,0.2541300058364868,0.007933987009338145,2.9178296844638387,0.0007858445820385707
423,0.19170229136943817,0.010448589559516022,2.213417659193624,0.0005029494288913026
424,0.16055504977703094,0.005387597492266157,1.7588621845002774,0.0014757994927847404
425,0.43050599098205566,0.027833251756652612,2.7973189300024237,0.004957604783105742
426,0.19024749100208282,0.011745981730352822,2.171927264585701,0.0027428200129888266
427,0.15168650448322296,0.007522657294150837,1.8751397393773321,2.3451980072822042e-05
428,0.08067131042480469,0.0042181869361545,1.175629513553786,1.7176151916825836e-05
429,0.22294019162654877,,,
430,0.2876138985157013,0.018667455915813157,1.400140828009247,0.0007814359964996579
431,0.19955843687057495,0.005606135937914433,2.1778257607296956,0.0001724742597231865
432,0.05057870224118233,0.0020962398567810304,0.9535996005926456,1.3132499731490668e-05
433,0.16066497564315796,0.00591766233185615,1.7457564624433675,6.710427206898586e-05
434,0.13516606390476227,0.006919573742821569,1.9241897685855143,0.0014046214586601903
435,0.16111022233963013,0.006229334746653182,1.9967826336038614,0.0002161568105628253
436,0.10038994997739792,0.006796279984591505,1.2496560846829654,9.486704749809005e-05
437,0.38104161620140076,0.036475983600847396,1.897903771247932,0.002286065860492869
438,0.3342425227165222,0.013745931743418193,2.5275271878616636,0.0024428729169595036
439,0.3053534924983978,0.012496486185314062,3.329420345129868,0.0042717309939548885
440,0.44500628113746643,0.03550140622090969,2.564646546511883,0.007163157176617815
441,0.35158979892730713,0.013999530936283247,2.3153896126190276,0.0017736730344917208
442,0.1484484076499939,0.004167360882507422,0.8320548060047833,0.0009829749727863143
443,0.12547831237316132,0.006823397588558485,1.0296331538311565,4.03682689507797e-05
444,0.16330154240131378,0.006296566840760194,1.5241052548896403,1.5009940524682683e-05
445,0.7169125080108643,0.03864930831402929,5.3729683174083815,0.005601199730948812
446,0.2155243456363678,,,
447,0.6772792339324951,0.029099282626699,4.640458438384296,0.006267807033936902
448,0.7485382556915283,0.027439296610553856,6.087486924753015,0.0025891172471816846
449,0.8438807725906372,0.018761902868362844,4.243841878832182,0.007027129537982227
450,0.10903812944889069,0.004546625520478632,1.7565311661383372,2.0864308253593246e-05
451,0.1292261779308319,0.009628357684439029,2.0986075972059943,0.00044500372979131296
452,0.24406884610652924,,,
453,0.20079778134822845,0.005445377923378387,2.3121355257094587,0.00018635748062809177
454,0.4339241683483124,0.04215046624293386,3.3795900211725116,0.009638059172485747
455,0.09000124037265778,0.00517178387063044,1.3811294478070157,8.937021954993111e-05
456,0.7074778079986572,0.01639901071805463,6.16175557284166,0.0030519583105412386
457,0.37781694531440735,0.01701809339988224,1.7344644799034876,0.0012462735709158294
458,0.5587055683135986,0.02026042308715018,4.147602003794281,0.005060575024623305
459,0.17573952674865723,0.005939907851709107,1.3050091246641702,2.534398730745925e-05
460,0.2073456197977066,0.010965566494729946,1.8330718253194962,0.00031275737235302687
461,0.21618549525737762,,,
462,0.14225396513938904,0.007671053254904193,1.492946227698909,3.085891828000606e-05
463,0.05857662484049797,0.001855523962784344,0.6938024515852284,3.473834290382214e-06
464,0.24472437798976898,,,
465,0.16427356004714966,0.01083071305774812,2.5279602046388248,0.00014793140377855136
466,0.353081613779068,0.017586972361477996,2.7589493829083342,0.0023931984628638475
467,0.18414419889450073,0.009758037300713514,3.602665876019112,5.843275321857146e-05
468,0.17123618721961975,0.006713165200248936,1.4643997368069122,0.00034850956721547787
469,0.18891482055187225,0.009696505011399832,1.9597707907263142,0.0005178264858173659
470,0.10802565515041351,0.004870166393433627,1.1731672961091517,0.00035912188054960166
471,0.20067034661769867,0.007678291566476832,1.8449051749976881,0.00026918339957365405
472,0.1744023561477661,0.01146452117787853,2.335255036673308,3.258293964672934e-05
473,0.2047998160123825,0.009867341583017612,2.589592662542186,0.0010331231853205093
474,0.1580091267824173,0.0087758929721925,1.3112545907542381,4.574096363898458e-05
475,0.2692047357559204,0.009006510611483384,1.4249887901417837,0.0002633340145756698
476,0.18452739715576172,0.009583199773630447,2.1805252873536474,0.0015301369548009142
477,0.3143928647041321,0.008184779066227258,1.578373437669984,0.00048704828282031585
478,0.20363721251487732,0.009122611759702042,2.6633597914972045,0.003476667243433706
479,0.05843973532319069,0.00333967883087184,0.584054033272018,1.0039768357881038e-06
480,0.10787773132324219,0.0028764284876508952,0.833345111201475,1.6198343129451644e-06
481,0.2851303517818451,0.006050015990495778,2.2815825067495488,0.0008201686254449548
482,0.5915988683700562,0.04754089958451672,4.2610006485664975,0.008564749529272712
483,0.14728593826293945,0.006051321198190837,1.5084622152515428,1.929794929271783e-05
484,0.6615187525749207,0.030076326812670404,4.985710489407127,0.006463469650853966
485,0.2133197784423828,,,
486,0.23122495412826538,,,
487,0.5232365727424622,0.015494116116239447,1.71818149956025,0.003013767655327094
488,0.2516573369503021,0.011982819492378543,1.6214243175108465,0.0002300430437096509
489,0.2862859070301056,0.010378255770527254,2.5551503921461265,0.0029045940646891793
490,0.2927539348602295,0.008835416097608264,1.7033267096978286,0.000700703651752545
491,0.24947603046894073,,,
492,0.09969482570886612,0.0065111911357986565,1.7325856424912105,0.00025843062162176456
493,0.39315372705459595,0.012577694533876905,2.8077178322795766,0.003418170528363799
494,0.3599041998386383,0.020773950690243834,2.1788664778864937,0.002554714019316855
495,0.0621061734855175,0.003650811491022586,1.0597115483433746,6.052773254489128e-06
496,0.32989194989204407,0.011132348886735931,1.7187016340333416,0.0007545520651312921
497,0.22907930612564087,,,
498,0.15592089295387268,0.0076917472721449226,2.275858214360396,0.00010133311988258856
499,0.5169607996940613,0.027561692719589515,3.3950072202146497,0.003408800168311436
