,IM,MaxDrift,MaxAbsAccel,ResDrift
0,0.4293571710586548,0.044096499845386175,5.066195714370608,0.00789617644815151
1,0.12656646966934204,0.007177608116563385,1.5478569205002657,4.7853718184568155e-05
2,0.0480942577123642,0.0031870946166486338,1.3767088370819125,3.734010209126849e-05
3,0.3405594229698181,0.017504239822601908,2.4778084522189845,0.0013481344379866053
4,0.16314026713371277,0.004916834346604035,1.9448334315863636,7.414250092003227e-05
5,0.12484373152256012,0.011944874919150082,3.57881825039734,0.0005953870441939126
6,0.4540087580680847,0.030109738061592995,3.1017276761151265,0.002988794451923185
7,0.17376026511192322,0.006086354350917599,2.3557483265061676,0.0003283486405808847
8,0.32568901777267456,0.010487560279062568,2.7725822242788696,0.0004619469753679175
9,0.1310911327600479,0.004236966047594541,1.5148967439181604,3.771220099886488e-05
10,0.43870118260383606,0.012286964593235236,3.058485617581412,0.0011997780795549443
11,0.7575255632400513,0.054955720782856925,14.202832128503653,0.0037509024351890688
12,0.463196337223053,0.0304127952270375,3.1209112288710292,0.005385664211964424
13,0.12683065235614777,0.004112661448640776,1.739056549441271,0.0005657749285566868
14,0.20525626838207245,0.023793329046779325,3.1634488105965266,0.0017151792394381848
15,0.1573372185230255,0.009370291188860319,2.6792278107806116,0.0006875608812923517
16,0.06892166286706924,0.0009860758495200818,0.3232074662878344,8.339793843204533e-06
17,0.07592006027698517,0.004275410229673438,1.0573675379745875,8.609314525260948e-05
18,0.49835655093193054,0.022611067142644607,3.953754427957223,0.006428375024618948
19,0.22924602031707764,,,
20,0.18653222918510437,0.00706057705121285,3.0625816774763828,0.0025906692394805876
21,0.7421553134918213,0.04885699236299412,3.1793668817818856,0.005760926713485669
22,0.13086479902267456,0.006267226188184829,1.0849663568028267,0.0006290014558517072
23,0.049997035413980484,0.003693219545816259,1.3419625356707112,3.521931296603089e-05
24,0.12833383679389954,0.0041729984719753675,1.2399528819410464,3.301152836674962e-05
25,0.35710614919662476,0.020709744853129687,3.2175651322708796,0.0013114921379846324
26,0.45532482862472534,0.019632406152549155,3.133692945884048,0.004402634717519566
27,0.16187690198421478,0.005868074919885842,2.2837004071485856,8.484111067026143e-05
28,0.29369357228279114,0.006251230657060852,2.5191164374097155,0.0003692830416097225
29,0.22654935717582703,,,
30,0.12308399379253387,0.007951548827947236,2.5200045234377084,0.0011723385380569627
31,0.07239194214344025,0.00309102416323849,1.1977016830276408,5.4161315977339656e-05
32,0.3830908238887787,0.03449896418759111,2.616122907800205,0.006849473302076427
33,0.09886620938777924,0.003187298996027637,1.2183962806532183,4.635498873253105e-05
34,0.14111869037151337,0.006818705625072514,3.2697063433737883,5.121154663083981e-05
35,0.21676532924175262,0.007658503206243166,2.183763835522351,6.938475406467626e-05
36,0.41885262727737427,0.028211727818036835,3.7175791676510443,0.008788040658575571
37,0.4405944049358368,0.028791026193019004,3.3106422448862745,0.005765550437327614
38,0.42223644256591797,0.028111473747047387,2.5357559525626936,0.006909380331809291
39,0.1641092300415039,0.009976655684163348,2.6406505141579437,0.00031396255618069805
40,0.060994915664196014,0.00406599782426399,1.1643298715657067,0.00033273146813990614
41,0.19848370552062988,0.013248660326728716,2.7434724925899237,0.0022504361359684377
42,0.03429178148508072,0.002540299519209857,0.7789982760403784,9.67124948108709e-05
43,0.03019939549267292,0.0021415403174550925,0.7652593097844439,1.5980114652980875e-05
44,0.17623712122440338,0.007843736986710877,2.842468373513193,0.0006226954378948884
45,0.20038866996765137,0.011632695008937027,5.262686403640663,0.001717757214122646
46,0.3276922404766083,0.024836544877720128,3.8699082135661986,0.0042862867707218885
47,0.24387116730213165,,,
48,0.174747496843338,0.010624227952890471,4.577409447634176,0.0011990056095371644
49,0.6273317337036133,0.02373505251810075,5.5786829257764765,0.005157721218100336
50,0.1295984387397766,0.005310962877419785,1.8983226786713516,5.457293456501143e-05
51,0.2558949291706085,0.005493463535756868,2.6972754158651018,0.0003987733116256964
52,0.16804783046245575,0.007393124453940068,1.8348674282627606,4.1251742055387584e-05
53,0.19985844194889069,0.00939666586912944,2.2753679803021565,0.00022989025055466052
54,0.24605576694011688,0.017963605633781868,6.501030604480571,0.0058813108873972345
55,0.18514490127563477,0.01789230641173638,3.3405726189418186,0.008617246328698223
56,0.061537131667137146,0.006153271920707621,1.6402327779131385,6.459293571573952e-05
57,0.3796764016151428,0.011261722640805022,2.5578276465987972,0.0008843643296832958
58,0.08284657448530197,0.00428335013007776,1.5284047240339818,2.6138474432504194e-05
59,0.2689369022846222,0.010747527139697398,2.905031723921291,0.0009623710048867539
60,0.33280614018440247,0.023815987276955827,2.3904407755960704,0.0021966460568030254
61,0.12834344804286957,0.00643210829666724,1.795816915392961,0.00016738208958335583
62,0.08339771628379822,0.009939115586430552,2.8729587228077165,0.0008891000722052009
63,0.0940520316362381,0.009049741330467796,2.388369530962734,0.00017479061006550633
64,0.17011958360671997,0.004845408125329789,1.321544533709103,2.6498995559610146e-05
65,0.4826355278491974,0.030304086724922324,2.5731089735821566,0.0031489097806788042
66,0.11243391036987305,0.005599353896651431,1.6602018087227317,9.660390791662862e-05
67,0.29689982533454895,0.019185166269034663,2.934082401868356,0.0010935332465355852
68,0.37370607256889343,0.019537175282640314,3.493055832971537,0.003834549802980312
69,0.1757165938615799,0.011230637715400164,4.270185539651905,0.001052013296370009
70,0.14852213859558105,0.010007943966652272,2.1981550633435853,0.0019529188869506701
71,0.12447910010814667,0.0037392952618946385,2.0132654754156176,0.00016715787373022432
72,0.26838216185569763,0.011386295194499194,2.9024550428702347,0.001516425534610534
73,0.14750850200653076,0.010284748056708587,1.937668014453757,0.00029773053045393746
74,0.17649146914482117,0.007814334347172457,2.1080052894769232,6.4782774415125e-05
75,0.15354853868484497,0.007599050275843156,1.9105349102621938,0.00022066938830313834
76,0.17165395617485046,0.014698337602186409,4.112975624082231,0.004321575617284565
77,0.11082204431295395,0.004662691081415077,1.4315214773701224,0.0002399559600945894
78,0.09794633090496063,0.005657306504972602,1.178260990369378,0.00014566522344207513
79,0.07734730839729309,0.006697161058654166,2.0738859100504,6.879275535763393e-05
80,0.07427611202001572,0.00689409602885939,1.7134636884838528,5.1724665011825434e-05
81,0.11730030179023743,0.002967044385309573,1.539691865105142,5.678799215210689e-06
82,0.08912457525730133,0.002754047880932941,1.0870324056455338,2.6354566392038036e-05
83,0.520246684551239,0.05317810770380947,4.365432454215573,0.013720086772643048
84,0.2412966638803482,,,
85,0.5188506841659546,0.033698913844054997,6.8022918059246775,0.004999540087425238
86,0.126569464802742,0.0031414682030518467,1.3626741868199468,8.151569801485812e-05
87,0.3085457980632782,0.01197521146070454,3.1774637473647838,0.0009351451283807714
88,0.1109037846326828,0.004657684999186176,1.234149292110062,0.000996445194690876
89,0.1477702260017395,0.010498976470569708,3.20461585112683,0.0003126142053939534
90,0.09149269759654999,0.0035412515950588325,1.0252557426487712,0.0002434974125341981
91,0.29360833764076233,0.026634479698242185,4.71064040733893,0.005322055550742685
92,0.06882008165121078,0.004056159336474063,1.4498807832166003,6.086141612294791e-05
93,0.11279688030481339,0.003293811134173163,1.1689651105715013,3.3182739981053926e-05
94,0.11304357647895813,0.003187801131262161,1.218524879375175,0.00010985347054683898
95,0.09297322481870651,0.003350810236832745,1.995756186768481,1.1327863505794838e-05
96,0.38994789123535156,0.041574421206981994,5.524094777742392,0.0055060091305753865
97,0.06833918392658234,0.005660037817290904,1.6541430138029298,4.9702620871420404e-05
98,0.10103282332420349,0.004267628348571696,1.8604953915127656,7.89503735294435e-05
99,0.10370509326457977,0.0067124061975405444,1.0934129492131919,0.00015059345409672414
100,0.1453685164451599,0.009994478956998846,2.83634660315326,0.00022733458946521667
101,0.22639349102973938,,,
102,0.07146600633859634,0.004722881077674971,1.3877486470538136,0.00015196917520464258
103,0.12420743703842163,0.004031279469740884,1.3700521787978917,8.096589139448405e-05
104,0.08190728724002838,0.005622050619712831,1.2385291693916964,0.00011606764919312658
105,1.089065670967102,0.06225370278518976,8.02959871349279,0.010343969236778213
106,0.09603416174650192,0.004244420596067141,1.2572197839082266,0.00011543351360980013
107,0.07305177301168442,0.0020628282781870993,0.7419308394599298,1.6222353567138015e-05
108,0.05756593123078346,0.0058978930381049,1.610860404017942,3.150102010061831e-05
109,1.3730192184448242,0.06516137131902643,13.765943225361411,0.009077723790765461
110,0.22368818521499634,,,
111,0.4235786199569702,0.013874701567807578,3.137739257660762,0.0016417051877757904
112,0.10997750610113144,0.0026536009064552953,1.061915783031795,2.3255501578898383e-05
113,0.22640785574913025,,,
114,0.2357080578804016,,,
115,0.16686442494392395,0.007251762086150885,1.0585793280488531,0.00012727840839133834
116,0.08814563602209091,0.00410199277678516,1.9921786562202013,2.704755533174246e-05
117,0.17509418725967407,0.014210261792349318,3.6054256192845555,0.00019462265383193028
118,0.26877540349960327,0.0186756264952699,2.80749615102659,0.0002609397152521897
119,0.11341024935245514,0.005420141855070039,1.5371139630404167,4.619228997350607e-05
120,0.14734318852424622,0.0035564170597887357,1.2816206267310606,0.00022762879027205386
121,0.3157917261123657,0.011058726038076063,3.699161957883398,0.001455580301440208
122,0.21809157729148865,0.022294836506581952,4.0276108826919295,0.0014669643819462408
123,0.3085671067237854,0.014529846821714973,1.9641051668407175,0.000401451578247666
124,0.17441658675670624,0.011374551539753459,2.8024415670716154,0.0013661890134874506
125,0.20669971406459808,0.016654859086139524,3.974509215346083,0.0022610209104628356
126,0.16315124928951263,0.010069803734698077,2.4521336630011192,0.0018781433762122908
127,0.13046382367610931,0.007032891283202323,2.534721104073588,0.0007290777144069528
128,0.15427832305431366,0.005031070393156886,1.295008508907739,3.2393647853412396e-05
129,0.15269073843955994,0.00378885232248651,1.9106272145639358,9.601100033959088e-05
130,0.17943575978279114,0.01910904431382267,3.6120671953021133,0.0019923749431557274
131,0.4726870059967041,0.024573425346108915,5.551738978032383,0.003769324412980571
132,0.3861231207847595,0.01289504222409484,3.256240562330717,0.0032590143092870332
133,0.2734338641166687,0.01801222346123536,2.4168106961921105,0.0014567081147144716
134,0.10244297981262207,0.010421924765516679,1.8466138902331006,0.00039220522661822914
135,0.3461332321166992,0.00996301250286505,2.161472453463899,0.0013947133936627722
136,0.14535102248191833,0.005039279935913246,1.7702538010470732,5.497092335491053e-05
137,0.14861521124839783,0.007053013325045151,2.1239139548652184,0.0002036216810343684
138,0.29037177562713623,0.01037046603191736,3.6083484201029745,0.00033417996242905956
139,0.15739062428474426,0.007800074766097404,1.5098066227147273,8.429568937317685e-05
140,0.05671878904104233,0.003899614613740551,2.079878152119028,2.939623546736337e-05
141,0.08698505163192749,0.009215579821641557,2.807251856435855,0.0010055782171313062
142,0.13113880157470703,0.0047628402779692795,1.5694154271683798,2.3595363888873647e-05
143,0.13832320272922516,0.009899919637716284,2.622420620606744,0.00012985198880426834
144,0.14112591743469238,0.004493588693714537,1.2911565062067265,0.0001302111716337916
145,0.15860475599765778,0.010375418510719972,3.2373426760753166,0.0017047755535155073
146,0.10618772357702255,0.002599844529768779,1.7093553368056151,2.9691808795395604e-05
147,0.13722434639930725,0.008226761826934463,3.347850862842034,0.0002549182095741725
148,0.14481793344020844,0.006370271328713183,1.741710394479224,0.00014919980166364238
149,0.6338178515434265,0.06943944276203534,4.463509355482936,0.02155993507359018
150,0.6509477496147156,0.029130522879016848,9.345688824737605,0.005375419137064062
151,0.4850699305534363,0.024001523402452,5.46928949231366,0.002361009673603899
152,0.07763520628213882,0.005584994440506351,1.6796925558097417,0.00013513784968954585
153,0.09987916052341461,0.007003131640208019,2.1379682334564265,0.0001522113051381943
154,0.20060668885707855,0.017781085518000436,2.621238695883633,0.00036650343787803256
155,0.11142166703939438,0.007029227479183623,1.9972865917537892,0.00021213862296225338
156,0.03824033588171005,0.0024877657710466756,0.9107246109726526,1.7186891730905142e-05
157,0.1347813457250595,0.007007272732288102,2.5057811154392544,0.00016627299553191203
158,0.14188387989997864,0.007241759971736368,2.254123482361718,0.0016527995592243068
159,0.2473418414592743,0.020968441644823935,3.6075227146847717,0.001420525403792682
160,0.4637724757194519,0.01754041802147912,3.962709581423451,0.002065150705020986
161,0.2456703633069992,0.03468042215087605,7.851375349979601,0.007783546491954797
162,0.07231926172971725,0.003175421784161127,0.8496773814591824,6.265551096770428e-05
163,0.26301702857017517,0.01402627068298809,2.3777902891428817,0.0006711029989043688
164,0.1558278352022171,0.006287523646889246,1.1949812811585567,0.0001808247645650179
165,0.7738085389137268,0.04438103011987566,7.509443760237219,0.006426020455101768
166,0.20582900941371918,0.008720178738411806,2.485700580403673,0.0001170597856359664
167,0.09692230820655823,0.008370856244310115,1.5994586115809821,0.00043766378330514853
168,0.4075683653354645,0.028103636957571617,6.072283171065797,0.005653837530291355
169,0.22221793234348297,,,
170,0.0984954684972763,0.005513669183417231,1.459945595313473,5.8559268417392865e-05
171,0.290596604347229,0.017144227199292015,3.3575069418424515,0.0011226226885660804
172,0.13033322989940643,0.00599319680515219,1.6197332976767749,0.0002688821963746788
173,0.12873488664627075,0.010178463590333886,3.8402221555252924,0.00036937512910704864
174,0.30878767371177673,0.010714319531415571,2.8308445799803774,0.00040660508293514165
175,0.20463918149471283,0.020536031011858115,2.063546400851182,0.0002223174666981102
176,0.21641835570335388,0.007556710705773978,2.8115974982106544,0.0009687007526527277
177,0.08715211600065231,0.002729714120653008,0.8092168846153092,6.409515748390065e-05
178,0.3763408660888672,0.026564446625558465,4.512227705655831,0.005037527014600979
179,0.40371349453926086,0.03496175116173437,3.1281268386193455,0.0071048233321242184
180,0.22284966707229614,,,
181,0.23411552608013153,,,
182,0.10598350316286087,0.00683904752307955,1.3997577946975612,0.0007842585366398587
183,0.05522988364100456,0.003732398321914041,1.2000652380289547,4.333637717794935e-05
184,0.06919053941965103,0.003989834470243501,1.7252432190094855,3.6391138223869915e-05
185,0.14317931234836578,0.005519363874136456,1.9076424166577095,3.0142796168469908e-05
186,0.234720379114151,,,
187,0.17793439328670502,0.007645328903077967,2.7388618923261276,8.795913208912238e-05
188,0.2042868286371231,0.00971292864994778,3.0180535760387497,0.00015630530470528398
189,0.17175301909446716,0.015724876465224403,2.8015174193770442,0.0017151440883667287
190,0.1041584461927414,0.005180381318193545,2.02253481889363,7.805505235057511e-05
191,0.10782454162836075,0.013882380891890301,4.125378653773628,0.00040143069267072637
192,0.28143584728240967,0.018908583024075602,2.672784681720315,0.0006902392637544583
193,0.25247496366500854,0.013547107047536049,3.461512730910879,0.011831020891575143
194,0.3079999089241028,0.019025826537209575,3.7607381116004306,0.0013516322223055177
195,0.1836518496274948,0.00568589702929477,1.5072643931088205,1.7946673376316232e-05
196,0.044613078236579895,0.009999829890100512,1.67480649011107,0.00046328030011582363
197,0.2970524728298187,0.010349311663093953,2.333777889275561,8.721212959906608e-05
198,0.2100253403186798,0.006148223861886351,2.8007119485267786,0.00042146109876931134
199,0.24949538707733154,0.014281012284956424,5.457660800362986,0.001298565252343842
200,0.47155770659446716,0.08089400066531015,2.57513821755364,0.01069839135801087
201,0.032383572310209274,0.006165819213260101,2.514520852355149,0.00011982227185672357
202,0.11525288224220276,0.003716801521137467,1.0486527501810425,4.320038684133166e-05
203,0.13382938504219055,0.00736378508116366,2.7602017836981325,0.0002185536824742742
204,0.7537317872047424,0.03313868707850075,5.4959375508214245,0.0055797055634842375
205,0.1775151789188385,0.005612310724291996,1.9865294137131722,8.268802677321576e-05
206,0.11535153537988663,0.003088151918086661,1.017861033325155,1.47796230971758e-05
207,0.040127553045749664,0.002805237395368461,0.8733752634082524,0.00014540413135883922
208,0.263877809047699,0.005900180201903496,3.822309768499679,0.00015106520872634388
209,0.324358731508255,0.027650493633359672,3.6581235328512323,0.0045250640622584845
210,0.12694145739078522,0.006263571891145404,1.852212660270661,0.0002442962774682902
211,0.37845298647880554,0.012999983408013182,2.6607162280982917,0.0020185953765992633
212,0.14587512612342834,0.008581960276778084,3.1414134886849454,0.002119040260064122
213,0.1205035001039505,0.005275918714192301,1.5713590781673838,4.773028592310506e-05
214,0.78977370262146,0.03653493659223506,8.653257688310164,0.007700266674410927
215,0.7514583468437195,0.02231708633594341,5.185395550055752,0.003256801815261016
216,0.12111159414052963,0.015333580910384153,3.628188557533144,0.0012676953939832199
217,0.0867358148097992,0.0066685853423507436,1.7182990802207787,0.0001745522385863683
218,0.2752056121826172,0.011333523159832421,4.110190223571409,0.0054695390151184515
219,0.24320773780345917,,,
220,0.06418970972299576,0.00439570846335057,2.2849015888504045,3.0787244742889856e-05
221,0.17715393006801605,0.008527406686714348,3.2113781174939935,0.0009217231275144104
222,0.22774839401245117,,,
223,0.049144551157951355,0.0028285518057575435,0.8906437089646225,4.316300529670546e-05
224,0.06392060965299606,0.005098486929297103,1.7522685637669733,0.00014011325873504153
225,0.07496169954538345,0.003505669711358389,0.9290249849725786,5.611850138971769e-05
226,1.008007287979126,0.034127626913493386,9.9663771661487,0.006649048789431727
227,0.15472137928009033,0.009290468307107579,2.084129777313389,0.0003225513852820228
228,0.6745763421058655,0.014905951388401133,3.740506116700665,0.001149881815064884
229,0.28706595301628113,0.016772530816696902,3.0075160468468733,0.0007836940724283548
230,0.18564322590827942,0.011713713329222783,2.2822855456830875,0.0005820478760991186
231,0.18520024418830872,0.013911167111179623,2.5890179279095222,0.002612363749036217
232,0.06468641012907028,0.0069093621770986895,1.7813212558151128,0.00017666578038465474
233,0.10784764587879181,0.0035304436085546176,0.9287252935859608,4.1293935321982475e-05
234,0.1770954430103302,0.005019785190983507,1.3426268786644704,2.487956450087786e-05
235,0.30093660950660706,0.017443317133070218,2.2158474114081868,0.0006772065316858676
236,0.07926779240369797,0.004673327033640082,1.602683443594743,4.203167207346516e-05
237,0.23450760543346405,,,
238,0.5027616024017334,0.00825293809347871,4.174998358512624,0.001683043808992642
239,0.18462161719799042,0.00662310420869062,1.854228624130628,0.0006902519021632425
240,0.15259301662445068,0.006332155082420171,3.898424725071195,8.036970291366749e-05
241,0.147441565990448,0.0071262652155766005,1.401655311801379,0.0002236791963038921
242,0.18014788627624512,0.004776746475594195,2.273009319828911,0.0009383375665256357
243,0.08828987926244736,0.012048751707252139,3.218083215334352,0.0004654469438213273
244,0.34661734104156494,0.014886394460501131,2.1528837966186556,0.00047670667497971066
245,0.2065051794052124,0.015715756987134233,4.141013873897665,0.006646072034855876
246,0.223297581076622,,,
247,0.09153880923986435,0.008427948966089768,3.1550911753173567,0.0003055061353665206
248,0.23689477145671844,,,
249,0.23808763921260834,,,
250,0.05100945010781288,0.002467785610582783,0.630701839676281,1.8652553924930966e-05
251,0.11741844564676285,0.012453718217115798,3.1474227981768723,0.0010024526278563485
252,0.1360664814710617,0.006476419354849398,2.5996031438416436,0.00024123040979976302
253,0.2624402940273285,0.012019811770220835,4.964592186316081,0.0005936615928073596
254,0.1070825606584549,0.0031136899894233868,1.3290598686372868,0.00020262266605766728
255,0.26560288667678833,0.03661883066636952,3.410734830915443,0.014320284381424565
256,0.18485261499881744,0.015996011956802086,3.283105168977601,0.0007483122354419358
257,0.2387951910495758,,,
258,0.1706746369600296,0.00646667874008208,2.3344539714732258,0.0008889134598190983
259,0.8944134712219238,0.017574914583009617,7.594608740460141,0.012719823147784356
260,0.1987098902463913,0.009904963985864396,3.1314623623962223,0.000303442133422561
261,0.04922199994325638,0.0019039082209239965,0.763700872807887,2.6570168982433242e-05
262,0.4393806457519531,0.011389119258917467,3.2070065889603168,0.0018669376092549292
263,0.6424989700317383,0.02488690735801038,5.012194589967876,0.004498553920223005
264,0.17063292860984802,0.01131533058632422,3.7505814584846595,0.0011134827566747828
265,0.06308650970458984,0.0061429977144632905,1.592124414007243,4.751355019671225e-05
266,0.07082303613424301,0.005735481569783935,1.2715361718097842,0.00010129203436936488
267,0.09768476337194443,0.0051581571561955565,2.0818018782333922,0.00021957995685478214
268,0.04606398940086365,0.006163603695487846,2.13912801969656,0.00011373985649455757
269,0.13402177393436432,0.009472790612223064,3.305178465538105,0.0006312328548229902
270,0.02654472552239895,0.002150933503689812,0.8008446342344507,1.117580664107537e-05
271,0.17268848419189453,0.004538241088899176,1.849491563070576,9.240417265606663e-05
272,0.05451241508126259,0.004418787700802605,1.9923345818700153,1.7573365223458985e-05
273,0.15348778665065765,0.009443717303109753,1.920883685313853,0.0001362595975672442
274,0.24065148830413818,,,
275,0.2748689651489258,0.015089577273849762,4.084113755165561,0.008808786208298938
276,0.3582972586154938,0.03403440003406507,2.4473377957179756,0.000721366600206671
277,0.1206953302025795,0.00897783990739934,2.294457413070639,0.0012601532051916007
278,0.2908758819103241,0.01523668350081203,3.444093340679318,0.0004679903789542399
279,0.1446966975927353,0.006033886206746451,1.626181544834668,9.838554418500705e-05
280,0.07677270472049713,0.0026580577366540656,1.0172574220542352,5.719615328609567e-05
281,0.07980966567993164,0.0024527167117046034,0.6380552216473732,7.07932859046324e-06
282,0.09867119789123535,0.005439538988695423,1.6832532537460054,8.271972162510279e-05
283,0.33131247758865356,0.010441922561974694,2.5425776050481734,0.0008744190186591331
284,0.27292904257774353,0.009258211545064584,2.3124704638974793,0.00048474111868974424
285,0.33151161670684814,0.03197425726371449,3.7777448716121693,0.004406005772023015
286,0.14709417521953583,0.008476322132619105,2.608799314678203,0.000422630308087339
287,0.31809327006340027,0.012651572347581798,4.224077039777867,0.006878804941101541
288,0.13090009987354279,0.004471987291120662,1.3481590864495707,2.434890964011966e-05
289,0.10975036770105362,0.007023161876506856,2.483358071354165,8.53727615415394e-05
290,0.38177013397216797,0.014075488992730074,2.398355804404633,0.0013686652529118714
291,0.11075443774461746,0.005054637866375183,1.7083638392828142,0.0005789279434127143
292,0.08567415922880173,0.0030617368473057536,1.1592356338756669,0.0002121669292154568
293,0.16223160922527313,0.004899960608290439,2.179871960300503,6.233829039274248e-05
294,0.14763210713863373,0.00781891633710725,1.3723823498359788,8.319646864142885e-05
295,0.03437655046582222,0.003073842480230968,1.393660041681146,9.312731100100661e-06
296,0.16407130658626556,0.004725341206253126,2.2191158970020624,0.0011304774685868648
297,0.2252802699804306,,,
298,0.17946434020996094,0.011136499851655119,3.1773423867157917,0.0019095159868923698
299,0.06203026324510574,0.004316098373161896,1.656286843392304,8.455330348105431e-05
300,0.2322414219379425,,,
301,0.07111527025699615,0.003908392928699002,1.1251568464708017,3.282372982977722e-05
302,0.21074633300304413,0.011761102745203053,4.615481572695303,0.004987297585153098
303,0.10542382299900055,0.008745378007989378,1.4504734189638082,3.4223585496916576e-05
304,0.07233812659978867,0.003774789254789301,1.7656417165307432,4.9558634201884695e-05
305,0.10642335563898087,0.008905059731233154,1.8019687364387993,0.0005396335162989198
306,0.2252333164215088,,,
307,0.5626199245452881,0.0378648927896474,4.059377187692655,0.0029930234949454688
308,0.07882677018642426,0.005567854021952404,2.1196410828201824,4.110651655310439e-05
309,0.22013168036937714,0.0062263053409115695,2.6184988949600556,0.0002721666735105323
310,0.0961415022611618,0.005019107900137843,1.701819294723344,7.811573621337055e-05
311,0.1475425660610199,0.0061396330824319756,2.1603855002873615,0.0002047145758226524
312,0.12566789984703064,0.003240008938576337,0.7762753943818851,4.7372868540728196e-05
313,0.23050156235694885,,,
314,0.42437544465065,0.04009820091360122,4.049997964721912,0.009717374446130446
315,0.19081328809261322,0.014353982096384667,4.560101951985458,0.0003022870208657507
316,0.05236392095685005,0.0028543705863703934,0.6373360708259552,5.250215954165678e-05
317,0.30342745780944824,0.020381155680878456,2.095849630078406,0.0013770080463676772
318,0.09118930250406265,0.004365086789592158,1.3370330807978927,9.717816199912593e-05
319,0.375367134809494,0.014443816739023963,2.4432012475018174,0.0020152654398724722
320,0.35972973704338074,0.01308614248898886,2.1745506195361077,0.001177246184519754
321,0.11957182735204697,0.005012432644703548,2.3868224841382175,9.537093089586064e-05
322,0.1402033120393753,0.005703922104926943,2.11068570390763,5.983027478253045e-05
323,0.3840416371822357,0.029803901434862955,4.197829912772513,0.008731661848086058
324,0.06691261380910873,0.006562249263535451,2.3091422939816053,0.0001747840957779365
325,0.1845710426568985,0.008224243182536584,3.3761718393007563,0.003762536759101992
326,0.36160141229629517,0.008986631579388712,2.7364592330492594,0.0010465810343415077
327,0.12759043276309967,0.013958448591589965,3.0036007135194605,0.0005131090606045305
328,0.6585878729820251,0.03054992065698367,5.2701691342986825,0.0027452809977002624
329,0.08060071617364883,0.0032920512498971705,1.1075859455197912,0.0001869860074898852
330,0.10957374423742294,0.0061879477308727105,2.452046999166891,8.824424226127059e-05
331,0.6018590331077576,0.0224021753314574,5.040847869356617,0.0030799414068304574
332,0.47499820590019226,0.01719594905727754,2.7435689101300427,0.00674606864582108
333,0.07882604748010635,0.004659948967926503,1.2575938810075582,0.0001952108070933127
334,0.11157093197107315,0.0061748058826721665,2.0889449789143635,0.00017190402286292419
335,0.118144690990448,0.004544181860806389,1.3867578553448647,3.179895157775547e-05
336,0.19568754732608795,0.019077363805820226,3.2853051984445196,0.0037078297566125514
337,0.5281461477279663,0.023247412420088456,4.472507339686134,0.002272245555147312
338,0.13530325889587402,0.005757318308941128,2.131595573808651,0.0004927990080102752
339,0.16975660622119904,0.013373285526396257,3.1201541781376085,0.0010266176553226881
340,0.06949833035469055,0.003396673102899426,1.0485998594554977,1.7284419615028284e-05
341,0.2145320177078247,0.01195001052070605,3.322034666966825,0.002003561664077663
342,0.21485427021980286,0.01579577173861429,3.318422541119445,0.0005631925234025223
343,0.3627346158027649,0.02843754797463644,2.2349694678599272,0.004338242176396876
344,0.15423622727394104,0.01057450243955771,1.5670127488322787,0.0005671606027693956
345,0.03749064728617668,0.0034619541581263377,1.6625342680627166,1.4689879707031187e-05
346,0.6474329233169556,0.034222701230683605,7.179941209022079,0.0014401972938862663
347,0.0947796031832695,0.0018506447661790653,1.0194728364171628,3.7654174953200245e-05
348,0.25989800691604614,0.019673021222369632,4.179310484343587,0.0011832986176844714
349,0.17265869677066803,0.018906979873524608,3.6124961838400633,0.00022347592304348436
350,0.07898678630590439,0.002411158917383111,0.9508927907389199,1.1697819617858356e-05
351,0.1226641908288002,0.007225662699715089,2.144065070542953,0.0002109544247954857
352,0.7185887098312378,0.022111966299404092,11.800001766043707,0.0019991696731574064
353,0.07414353638887405,0.001684422208657024,0.6479247068327972,1.0192461598599606e-05
354,0.12527765333652496,0.00567115468169043,1.2927394046223881,2.1895702801059285e-05
355,0.14924462139606476,0.0043321976374118346,1.7528396025864121,7.520228889360988e-05
356,0.0531231053173542,0.0039367989615368,1.3442603951570986,1.628954120583418e-05
357,0.24051567912101746,,,
358,0.09643971174955368,0.005765181610881733,2.2089455451852325,0.00023710452861232074
359,0.5997506976127625,0.03145552373465076,11.20233306699618,0.003784374621583694
360,0.16225029528141022,0.0057630149920915455,3.1531534061475317,0.00016660099587363536
361,0.21410048007965088,0.00873442154093761,2.240198849726051,0.00016043404036866126
362,0.1617460399866104,0.0056059798140803835,1.691685813598909,0.0003135568093277562
363,0.1391446441411972,0.005187810447434452,2.5104949869395874,0.00029436028658567297
364,0.0892912968993187,0.005706135546873542,0.9983891645679225,3.954500102428828e-05
365,0.2457636296749115,0.01830286414305622,4.348311005034724,0.000374675027662635
366,0.4520968794822693,0.04626853423749354,4.336863831364713,0.012708199314243544
367,0.23313835263252258,,,
368,0.5130261778831482,0.010228989335491226,1.6572033287118941,0.0015240169104478148
369,0.08588427305221558,0.0037890800361207537,1.0659834315856604,1.86808873754285e-05
370,0.1055467426776886,0.005741785520689084,1.5720162121319743,5.077382245396623e-05
371,0.4771106541156769,0.030946365062448876,3.802649237480546,0.005743721468731241
372,0.10687757283449173,0.0018332835108816588,0.7046886606042655,7.245712204502633e-05
373,0.15216980874538422,0.007915540477678406,1.5162248572461876,7.577636121984988e-05
374,0.23830749094486237,,,
375,0.28443509340286255,0.012037875050614873,2.869816868930627,0.0008010518143271364
376,0.1470593959093094,0.0049819708342481415,1.7023599948165131,0.0004439085176170385
377,0.1367950588464737,0.020451141705127827,3.4870844894061173,0.0027318333754848038
378,0.13284476101398468,0.004652218576596601,1.5264848120164933,0.0001820079277126645
379,0.1345662772655487,0.013044130364177734,3.056358698796995,0.00030693070558243885
380,0.08123715221881866,0.006424773441112117,1.2877600119662684,0.000210869842157622
381,0.09988810122013092,0.004162482568359356,1.32746152044727,9.793411635501605e-06
382,0.23824167251586914,,,
383,0.06483113020658493,0.007793318984726238,1.879229139957356,0.00029816359642404123
384,0.30083149671554565,0.027873803867156176,3.172759193490095,0.011533592263358051
385,0.35474470257759094,0.025845412311969625,2.446026829131662,0.008246291107268473
386,0.5262359976768494,0.02447984073273937,5.081993365552214,0.003270908972144975
387,0.16508443653583527,0.006852211029052928,2.522470085330113,0.0007962773297198197
388,0.17581519484519958,0.0049553859468853025,2.0758154465406022,0.00047045888708296924
389,0.4308111071586609,0.02894892395353067,2.9693606724148576,0.0044194198773163775
390,0.26432788372039795,0.009926884369311178,2.283906907177784,0.0001501243423642112
391,0.3472408950328827,0.011221270586649604,3.4445088361068756,0.0015101396428212515
392,0.09638307243585587,0.004585317672447758,1.4640214552088313,5.914722839576671e-05
393,0.11618074774742126,0.004948181399278019,1.594141828331648,0.0005423481949896117
394,0.06653562933206558,0.002276900937729173,1.3688296284361414,1.5472854385224235e-05
395,0.17894048988819122,0.01041006938353897,3.008674036336986,0.00019629251384324224
396,0.2296418994665146,,,
397,0.3699309229850769,0.027725265302235777,2.9575211604571563,0.005435808182590927
398,0.1228296160697937,0.005104647059482931,2.0695653114618535,0.000254801294919086
399,0.09752711653709412,0.004200927953602309,1.0707312609670951,0.00028488341162077153
400,0.31967878341674805,0.020910338983505604,4.2835483438126865,0.0020111284950167334
401,0.2930535078048706,0.012101550848341839,4.312304232010719,0.002258324143201109
402,0.26192858815193176,0.012208247697877206,2.6216675803236535,0.0004774455163621096
403,0.524568498134613,0.014681945864011628,5.2949132373001175,0.0015816157097617183
404,0.14651593565940857,0.0073265049439856025,2.5710683357779773,0.0004595022911231552
405,0.033396944403648376,0.0028145254975629375,0.994619282602243,2.8326993022458434e-05
406,0.09781617671251297,0.006899384834312879,2.095230264878669,0.0003985139619697016
407,0.17522192001342773,0.005979553668067122,1.911824764920162,0.0006594295826217451
408,0.10537949204444885,0.00398401503144794,1.4341779820945115,6.012762259229552e-05
409,0.07490132004022598,0.00485547396150745,0.8665604718450145,7.131713101996549e-05
410,0.2987746596336365,0.013262833305852316,2.306249056600486,0.0003862119995525766
411,0.06193655729293823,0.0017609999365106942,0.6842345662559476,1.97575879209052e-05
412,0.10166361927986145,0.004753731567069532,2.2041490498090925,0.00019432349463208184
413,0.13790753483772278,0.007461543257764257,2.9584636404511686,0.0007869781877675424
414,0.07119621336460114,0.0016828742869169728,0.9600654198204183,4.501115811391578e-05
415,0.11040041595697403,0.005958358557365919,1.6849071775664684,0.0001191524263590564
416,0.2118457406759262,0.010345150606781378,2.7607896954588247,0.00016592506953472694
417,1.153900146484375,0.07340602234972166,9.139354813201138,0.0029499538172352855
418,0.1608266979455948,0.007434058949286604,1.6905614105159597,0.00014788092605060526
419,0.26549214124679565,0.012155996296290215,1.6728873222823553,0.0002696826518990952
420,0.2078273594379425,0.006459361444682298,1.8277895169990457,5.4920847506156775e-05
421,0.12775030732154846,0.004782704797508819,0.9779909355471847,5.5059355758225155e-05
422,0.1770898997783661,0.014040153532142191,3.764267178347354,0.0019943760201440066
423,0.18386173248291016,0.006790854657812478,1.8642430678910344,0.00039231630159206857
424,0.1690676063299179,0.00956935109832115,3.3327772380396126,0.0002748064483031377
425,0.20734934508800507,0.014999451157504185,3.0463979451519205,0.0003580391805289361
426,0.11460581421852112,0.003316414658480257,1.6270392665337166,7.349005440889041e-05
427,0.07515983283519745,0.004304839052174133,1.4620168076868145,0.00010073616719217595
428,0.08424972742795944,0.006504835314511605,1.134961157896497,7.959723406577358e-05
429,0.2968948781490326,0.006307326888012531,2.531368278675924,6.790252597495573e-05
430,0.21257884800434113,0.009254563792960555,2.965956764105514,0.0014798826864807159
431,0.14619068801403046,0.00972534294930459,2.3437346597584634,6.728054700242184e-05
432,0.021704381331801414,0.0035492624080628353,1.2547686774072293,3.3103907875880646e-05
433,0.11323940753936768,0.004637496830683801,1.6050615135575905,0.0003325462953969608
434,0.061449501663446426,0.006658687364558889,2.0081108322298813,0.0001692419903327868
435,0.08200216293334961,0.005261934714755066,1.8134763372538671,0.0001302292801405601
436,0.04312819242477417,0.00561815331970167,2.3497013192087612,0.00011757039685378192
437,0.6542369723320007,0.011766011744937898,2.331430465993033,0.001102980754365698
438,0.21146708726882935,0.017885530443883687,3.9547845424343593,0.0008944975840604963
439,0.44681912660598755,0.01936487849617532,4.383022516960718,0.003243111236412135
440,0.2948523163795471,0.020800303456173397,2.8428976239953676,0.001765056358162422
441,0.37077441811561584,0.008743362148258702,4.500104542814608,0.0016901533400644957
442,0.1805884689092636,0.00967483985646134,2.8646831289657877,0.002477978900218983
443,0.08023472875356674,0.004400119157521932,1.366681631657107,0.00019313103909202763
444,0.08797478675842285,0.004382440982212029,1.624705287303989,1.9722200942016802e-05
445,0.38024163246154785,0.021933968144475513,3.9426457146876075,0.0021432043067737953
446,0.11153765767812729,0.004812325402353864,1.3455352093513318,0.0003040613911167952
447,0.31182751059532166,0.009469670057196813,3.8529419862734264,0.0007017143158739317
448,0.45321813225746155,0.025699652302221345,2.7864549403509185,0.002568727579229624
449,0.9568752646446228,0.03688484979708108,6.341578739032507,0.009263175745148533
450,0.0681852251291275,0.0034791505503119825,0.9224688120907174,4.3397204397427746e-05
451,0.12148837000131607,0.0027755124370672023,1.5337672764563328,4.4426516491419e-06
452,0.14968857169151306,0.005484869987879672,1.9156551845839318,0.00025277780930259454
453,0.1614062637090683,0.004877101500604975,2.3058568122781424,0.0001732594574302015
454,0.30176714062690735,0.021448168563349156,3.9216614398528633,0.0032614786366957685
455,0.08165320754051208,0.004083055068502715,2.051229395035234,7.894301049757333e-05
456,0.28922078013420105,0.015528345530015145,2.791410521273889,0.0020796323256128137
457,0.18521738052368164,0.007158414794054096,1.8822890619917476,7.233681105615685e-05
458,0.4126623570919037,0.04566421736152605,5.078146448621334,0.013867039877317333
459,0.06916625052690506,0.006106325047979378,1.5932845125896047,0.00010982547695507309
460,0.0789927989244461,0.002953000061685642,1.0024531870743563,5.1301442065389776e-05
461,0.4272594749927521,0.06775606488803228,4.19050302107456,0.028819579718679635
462,0.09304892271757126,0.003090429502339825,2.0252849811443396,2.335682693222577e-05
463,0.045187968760728836,0.003869457671714425,1.8282562510297666,3.280405846800555e-05
464,0.29703623056411743,0.012428226469599764,2.0566776468091676,0.00039679467744497177
465,0.14168405532836914,0.005008038180301378,1.5395491413825135,1.88710970378723e-05
466,0.228323832154274,,,
467,0.1200486272573471,0.004463842097083512,0.8993406563207853,5.818220491733153e-05
468,0.21354351937770844,0.010041176336282877,3.901396962606677,0.0031661345014400693
469,0.19626100361347198,0.01518094426477324,3.971413728992074,0.002685374625804977
470,0.04399866610765457,0.0024989555921307504,0.7877003055745532,3.1423354639727206e-05
471,0.17568901181221008,0.010043248805867107,1.7529226804557982,0.00045476703685243855
472,0.06882881373167038,0.0026528946372712035,0.8877689572314706,0.0002862580610500132
473,0.28806278109550476,0.0317798312911395,2.7947732684587185,0.0015130667751669382
474,0.16433298587799072,0.009662157986662168,1.5418170055543972,0.00016283142293557304
475,0.20391316711902618,0.018619905703157563,4.30750891466388,0.0019096523240536628
476,0.0753524899482727,0.0029070117782354485,2.4430834464682003,8.366023166920382e-06
477,0.14714425802230835,0.006426406059269771,2.1186744905547465,0.000179275657218092
478,0.25024688243865967,0.020543294649295225,4.833834435860483,0.00021825946833282543
479,0.06751501560211182,0.005620282547463779,1.4488930926665364,0.00016424806827483186
480,0.1141539216041565,0.004475818296867408,1.615392387371048,7.264466321990138e-05
481,0.2366158366203308,,,
482,0.20557145774364471,0.017514593840858603,4.683208365571199,0.002574009827888207
483,0.13243286311626434,0.004218554399723559,1.3016903376426028,0.0001150411997325348
484,0.5452022552490234,0.023936383248585543,3.587540237830822,0.001665669681289653
485,0.20328998565673828,0.01649812737995785,2.543533463211976,0.0004373358904666662
486,0.14302532374858856,0.008132828364359116,2.4713104989498644,0.0025927791191253874
487,0.43123340606689453,0.034425496403918766,3.23163447710387,0.008546539870618052
488,0.21954354643821716,0.018334608664561585,2.9952591835400932,0.0003430212657413655
489,0.11337868869304657,0.004808704539903505,1.9422999617891705,0.00015863741904913713
490,0.14548064768314362,0.007557083983616786,4.167531137179895,0.00014914003684499683
491,0.201485276222229,0.01022979109529476,2.3272993104070574,0.00024948773308384656
492,0.06980007886886597,0.0027493673968212607,0.9239873875615271,4.32451071974493e-06
493,0.47463738918304443,0.04320809726406093,3.5457815482787516,0.005300917529003833
494,0.22755639255046844,,,
495,0.08088735491037369,0.005097700961707431,2.1022460955865,2.573379458052771e-05
496,0.27634069323539734,0.010691432453027961,3.4083761439560276,0.0006877604677757665
497,0.22171667218208313,,,
498,0.1205323338508606,0.005512609618584617,1.161382823637108,0.00030792899580129793
499,0.2239954024553299,,,
